0.0125	-0.00123	0.0000	0.0000
0.0375	0.00122	0.0000	0.0000
0.0625	0.00362	0.0000	0.0000
0.0875	0.00597	0.0000	0.0000
0.1125	0.00827	0.0000	0.0000
0.1375	0.01051	0.0000	0.0000
0.1625	0.01271	0.0000	0.0000
0.1875	0.01486	0.0000	0.0000
0.2125	0.01696	0.0000	0.0000
0.2375	0.01901	0.0000	0.0000
0.2625	0.02101	0.0000	0.0000
0.2875	0.02296	0.0000	0.0000
0.3125	0.02486	0.0000	0.0000
0.3375	0.02671	0.0000	0.0000
0.3625	0.02851	0.0000	0.0000
0.3875	0.03026	0.0000	0.0000
0.4125	0.03196	0.0000	0.0000
0.4375	0.03360	0.0000	0.0000
0.4625	0.03520	0.0000	0.0000
0.4875	0.03675	0.0000	0.0000
0.5125	0.03825	0.0000	0.0000
0.5375	0.03970	0.0000	0.0000
0.5625	0.04110	0.0000	0.0000
0.5875	0.04245	0.0000	0.0000
0.6125	0.04375	0.0000	0.0000
0.6375	0.04500	0.0000	0.0000
0.6625	0.04620	0.0000	0.0000
0.6875	0.04735	0.0000	0.0000
0.7125	0.04845	0.0000	0.0000
0.7375	0.04950	0.0000	0.0000
0.7625	0.05050	0.0000	0.0000
0.7875	0.05145	0.0000	0.0000
0.8125	0.05235	0.0000	0.0000
0.8375	0.05320	0.0000	0.0000
0.8625	0.05400	0.0000	0.0000
0.8875	0.05475	0.0000	0.0000
0.9125	0.05545	0.0000	0.0000
0.9375	0.05610	0.0000	0.0000
0.9625	0.05670	0.0000	0.0000
0.9875	0.05724	0.0000	0.0000
1.0125	0.05774	0.0000	0.0000
1.0375	0.05819	0.0000	0.0000
1.0625	0.05859	0.0000	0.0000
1.0875	0.05894	0.0000	0.0000
1.1125	0.05924	0.0000	0.0000
1.1375	0.05949	0.0000	0.0000
1.1625	0.05969	0.0000	0.0000
1.1875	0.05984	0.0000	0.0000
1.2125	0.05994	0.0000	0.0000
1.2375	0.05999	0.0000	0.0000
1.2625	0.05999	0.0000	0.0000
1.2875	0.05994	0.0000	0.0000
1.3125	0.05984	0.0000	0.0000
1.3375	0.05969	0.0000	0.0000
1.3625	0.05949	0.0000	0.0000
1.3875	0.05924	0.0000	0.0000
1.4125	0.05894	0.0000	0.0000
1.4375	0.05859	0.0000	0.0000
1.4625	0.05819	0.0000	0.0000
1.4875	0.05774	0.0000	0.0000
1.5125	0.05724	0.0000	0.0000
1.5375	0.05670	0.0000	0.0000
1.5625	0.05610	0.0000	0.0000
1.5875	0.05545	0.0000	0.0000
1.6125	0.05475	0.0000	0.0000
1.6375	0.05400	0.0000	0.0000
1.6625	0.05320	0.0000	0.0000
1.6875	0.05235	0.0000	0.0000
1.7125	0.05145	0.0000	0.0000
1.7375	0.05050	0.0000	0.0000
1.7625	0.04950	0.0000	0.0000
1.7875	0.04845	0.0000	0.0000
1.8125	0.04735	0.0000	0.0000
1.8375	0.04620	0.0000	0.0000
1.8625	0.04500	0.0000	0.0000
1.8875	0.04375	0.0000	0.0000
1.9125	0.04245	0.0000	0.0000
1.9375	0.04110	0.0000	0.0000
1.9625	0.03970	0.0000	0.0000
1.9875	0.03825	0.0000	0.0000
2.0125	0.03675	0.0000	0.0000
2.0375	0.03520	0.0000	0.0000
2.0625	0.03360	0.0000	0.0000
2.0875	0.03196	0.0000	0.0000
2.1125	0.03026	0.0000	0.0000
2.1375	0.02851	0.0000	0.0000
2.1625	0.02671	0.0000	0.0000
2.1875	0.02486	0.0000	0.0000
2.2125	0.02296	0.0000	0.0000
2.2375	0.02101	0.0000	0.0000
2.2625	0.01901	0.0000	0.0000
2.2875	0.01696	0.0000	0.0000
2.3125	0.01486	0.0000	0.0000
2.3375	0.01271	0.0000	0.0000
2.3625	0.01051	0.0000	0.0000
2.3875	0.00827	0.0000	0.0000
2.4125	0.00597	0.0000	0.0000
2.4375	0.00362	0.0000	0.0000
2.4625	0.00122	0.0000	0.0000
2.4875	-0.00123	0.0000	0.0000
2.5125	-0.00373	0.0000	0.0000
