0	0	0
0.0025	-0.001443376	0
0.005	-0.002886751	0
0.0075	-0.004330127	0
0.01	-0.005773503	0
0.0125	-0.007216878	0
0.015	-0.008660254	0
0.0175	-0.01010363	0
0.02	-0.011547005	0
0.0225	-0.012990381	0
0.025	-0.014433757	0
0.0275	-0.015877132	0
0.03	-0.017320508	0
0.0325	-0.018763884	0
0.035	-0.020207259	0
0.0375	-0.021650635	0
0.04	-0.023094011	0
0.0425	-0.024537386	0
0.045	-0.025980762	0
0.0475	-0.027424138	0
0.05	-0.028867513	0
0.0525	-0.030310889	0
0.055	-0.031754265	0
0.0575	-0.03319764	0
0.06	-0.034641016	0
0.0625	-0.036084392	0
0.065	-0.037527767	0
0.0675	-0.038971143	0
0.07	-0.040414519	0
0.0725	-0.041857895	0
0.075	-0.04330127	0
0.0775	-0.044744646	0
0.08	-0.046188022	0
0.0825	-0.047631397	0
0.085	-0.049074773	0
0.0875	-0.050518149	0
0.09	-0.051961524	0
0.0925	-0.0534049	0
0.095	-0.054848276	0
0.0975	-0.056291651	0
0.1	-0.057735027	0
0.1025	-0.059178403	0
0.105	-0.060621778	0
0.1075	-0.062065154	0
0.11	-0.06350853	0
0.1125	-0.064951905	0
0.115	-0.066395281	0
0.1175	-0.067838657	0
0.12	-0.069282032	0
0.1225	-0.070725408	0
0.125	-0.072168784	0
0.1275	-0.073612159	0
0.13	-0.075055535	0
0.1325	-0.076498911	0
0.135	-0.077942286	0
0.1375	-0.079385662	0
0.14	-0.080829038	0
0.1425	-0.082272413	0
0.145	-0.083715789	0
0.1475	-0.085159165	0
0.15	-0.08660254	0
0.1525	-0.088045916	0
0.155	-0.089489292	0
0.1575	-0.090932667	0
0.16	-0.092376043	0
0.1625	-0.093819419	0
0.165	-0.095262794	0
0.1675	-0.09670617	0
0.17	-0.098149546	0
0.1725	-0.099592921	0
0.175	-0.101036297	0
0.1775	-0.102479673	0
0.18	-0.103923048	0
0.1825	-0.105366424	0
0.185	-0.1068098	0
0.1875	-0.108253175	0
0.19	-0.109696551	0
0.1925	-0.111139927	0
0.195	-0.112583302	0
0.1975	-0.114026678	0
0.2	-0.115470054	0
0.2025	-0.11691343	0
0.205	-0.118356805	0
0.2075	-0.119800181	0
0.21	-0.121243557	0
0.2125	-0.122686932	0
0.215	-0.124130308	0
0.2175	-0.125573684	0
0.22	-0.127017059	0
0.2225	-0.128460435	0
0.225	-0.129903811	0
0.2275	-0.131347186	0
0.23	-0.132790562	0
0.2325	-0.134233938	0
0.235	-0.135677313	0
0.2375	-0.137120689	0
0.24	-0.138564065	0
0.2425	-0.14000744	0
0.245	-0.141450816	0
0.2475	-0.142894192	0
0.25	-0.144337567	0
0.2525	-0.145780943	0
0.255	-0.147224319	0
0.2575	-0.148667694	0
0.26	-0.15011107	0
0.2625	-0.151554446	0
0.265	-0.152997821	0
0.2675	-0.154441197	0
0.27	-0.155884573	0
0.2725	-0.157327948	0
0.275	-0.158771324	0
0.2775	-0.1602147	0
0.28	-0.161658075	0
0.2825	-0.163101451	0
0.285	-0.164544827	0
0.2875	-0.165988202	0
0.29	-0.167431578	0
0.2925	-0.168874954	0
0.295	-0.170318329	0
0.2975	-0.171761705	0
0.3	-0.173205081	0
0.3025	-0.174648456	0
0.305	-0.176091832	0
0.3075	-0.177535208	0
0.31	-0.178978583	0
0.3125	-0.180421959	0
0.315	-0.181865335	0
0.3175	-0.18330871	0
0.32	-0.184752086	0
0.3225	-0.186195462	0
0.325	-0.187638837	0
0.3275	-0.189082213	0
0.33	-0.190525589	0
0.3325	-0.191968965	0
0.335	-0.19341234	0
0.3375	-0.194855716	0
0.34	-0.196299092	0
0.3425	-0.197742467	0
0.345	-0.199185843	0
0.3475	-0.200629219	0
0.35	-0.202072594	0
0.3525	-0.20351597	0
0.355	-0.204959346	0
0.3575	-0.206402721	0
0.36	-0.207846097	0
0.3625	-0.209289473	0
0.365	-0.210732848	0
0.3675	-0.212176224	0
0.37	-0.2136196	0
0.3725	-0.215062975	0
0.375	-0.216506351	0
0.3775	-0.217949727	0
0.38	-0.219393102	0
0.3825	-0.220836478	0
0.385	-0.222279854	0
0.3875	-0.223723229	0
0.39	-0.225166605	0
0.3925	-0.226609981	0
0.395	-0.228053356	0
0.3975	-0.229496732	0
0.4	-0.230940108	0
0.4025	-0.232383483	0
0.405	-0.233826859	0
0.4075	-0.235270235	0
0.41	-0.23671361	0
0.4125	-0.238156986	0
0.415	-0.239600362	0
0.4175	-0.241043737	0
0.42	-0.242487113	0
0.4225	-0.243930489	0
0.425	-0.245373864	0
0.4275	-0.24681724	0
0.43	-0.248260616	0
0.4325	-0.249703991	0
0.435	-0.251147367	0
0.4375	-0.252590743	0
0.44	-0.254034118	0
0.4425	-0.255477494	0
0.445	-0.25692087	0
0.4475	-0.258364245	0
0.45	-0.259807621	0
0.4525	-0.261250997	0
0.455	-0.262694372	0
0.4575	-0.264137748	0
0.46	-0.265581124	0
0.4625	-0.2670245	0
0.465	-0.268467875	0
0.4675	-0.269911251	0
0.47	-0.271354627	0
0.4725	-0.272798002	0
0.475	-0.274241378	0
0.4775	-0.275684754	0
0.48	-0.277128129	0
0.4825	-0.278571505	0
0.485	-0.280014881	0
0.4875	-0.281458256	0
0.49	-0.282901632	0
0.4925	-0.284345008	0
0.495	-0.285788383	0
0.4975	-0.287231759	0
0.5	-0.288675135	0
0.5025	-0.29011851	0
0.505	-0.291561886	0
0.5075	-0.293005262	0
0.51	-0.294448637	0
0.5125	-0.295892013	0
0.515	-0.297335389	0
0.5175	-0.298778764	0
0.52	-0.30022214	0
0.5225	-0.301665516	0
0.525	-0.303108891	0
0.5275	-0.304552267	0
0.53	-0.305995643	0
0.5325	-0.307439018	0
0.535	-0.308882394	0
0.5375	-0.31032577	0
0.54	-0.311769145	0
0.5425	-0.313212521	0
0.545	-0.314655897	0
0.5475	-0.316099272	0
0.55	-0.317542648	0
0.5525	-0.318986024	0
0.555	-0.320429399	0
0.5575	-0.321872775	0
0.56	-0.323316151	0
0.5625	-0.324759526	0
0.565	-0.326202902	0
0.5675	-0.327646278	0
0.57	-0.329089653	0
0.5725	-0.330533029	0
0.575	-0.331976405	0
0.5775	-0.33341978	0
0.58	-0.334863156	0
0.5825	-0.336306532	0
0.585	-0.337749907	0
0.5875	-0.339193283	0
0.59	-0.340636659	0
0.5925	-0.342080034	0
0.595	-0.34352341	0
0.5975	-0.344966786	0
0.6	-0.346410162	0
0.6025	-0.347853537	0
0.605	-0.349296913	0
0.6075	-0.350740289	0
0.61	-0.352183664	0
0.6125	-0.35362704	0
0.615	-0.355070416	0
0.6175	-0.356513791	0
0.62	-0.357957167	0
0.6225	-0.359400543	0
0.625	-0.360843918	0
0.6275	-0.362287294	0
0.63	-0.36373067	0
0.6325	-0.365174045	0
0.635	-0.366617421	0
0.6375	-0.368060797	0
0.64	-0.369504172	0
0.6425	-0.370947548	0
0.645	-0.372390924	0
0.6475	-0.373834299	0
0.65	-0.375277675	0
0.6525	-0.376721051	0
0.655	-0.378164426	0
0.6575	-0.379607802	0
0.66	-0.381051178	0
0.6625	-0.382494553	0
0.665	-0.383937929	0
0.6675	-0.385381305	0
0.67	-0.38682468	0
0.6725	-0.388268056	0
0.675	-0.389711432	0
0.6775	-0.391154807	0
0.68	-0.392598183	0
0.6825	-0.394041559	0
0.685	-0.395484934	0
0.6875	-0.39692831	0
0.69	-0.398371686	0
0.6925	-0.399815061	0
0.695	-0.401258437	0
0.6975	-0.402701813	0
0.7	-0.404145188	0
0.7025	-0.405588564	0
0.705	-0.40703194	0
0.7075	-0.408475315	0
0.71	-0.409918691	0
0.7125	-0.411362067	0
0.715	-0.412805442	0
0.7175	-0.414248818	0
0.72	-0.415692194	0
0.7225	-0.417135569	0
0.725	-0.418578945	0
0.7275	-0.420022321	0
0.73	-0.421465697	0
0.7325	-0.422909072	0
0.735	-0.424352448	0
0.7375	-0.425795824	0
0.74	-0.427239199	0
0.7425	-0.428682575	0
0.745	-0.430125951	0
0.7475	-0.431569326	0
0.75	-0.433012702	0
0.7525	-0.434456078	0
0.755	-0.435899453	0
0.7575	-0.437342829	0
0.76	-0.438786205	0
0.7625	-0.44022958	0
0.765	-0.441672956	0
0.7675	-0.443116332	0
0.77	-0.444559707	0
0.7725	-0.446003083	0
0.775	-0.447446459	0
0.7775	-0.448889834	0
0.78	-0.45033321	0
0.7825	-0.451776586	0
0.785	-0.453219961	0
0.7875	-0.454663337	0
0.79	-0.456106713	0
0.7925	-0.457550088	0
0.795	-0.458993464	0
0.7975	-0.46043684	0
0.8	-0.461880215	0
0.8025	-0.463323591	0
0.805	-0.464766967	0
0.8075	-0.466210342	0
0.81	-0.467653718	0
0.8125	-0.469097094	0
0.815	-0.470540469	0
0.8175	-0.471983845	0
0.82	-0.473427221	0
0.8225	-0.474870596	0
0.825	-0.476313972	0
0.8275	-0.477757348	0
0.83	-0.479200723	0
0.8325	-0.480644099	0
0.835	-0.482087475	0
0.8375	-0.48353085	0
0.84	-0.484974226	0
0.8425	-0.486417602	0
0.845	-0.487860977	0
0.8475	-0.489304353	0
0.85	-0.490747729	0
0.8525	-0.492191104	0
0.855	-0.49363448	0
0.8575	-0.495077856	0
0.86	-0.496521232	0
0.8625	-0.497964607	0
0.865	-0.499407983	0
0.8675	-0.500851359	0
0.87	-0.502294734	0
0.8725	-0.50373811	0
0.875	-0.505181486	0
0.8775	-0.506624861	0
0.88	-0.508068237	0
0.8825	-0.509511613	0
0.885	-0.510954988	0
0.8875	-0.512398364	0
0.89	-0.51384174	0
0.8925	-0.515285115	0
0.895	-0.516728491	0
0.8975	-0.518171867	0
0.9	-0.519615242	0
0.9025	-0.521058618	0
0.905	-0.522501994	0
0.9075	-0.523945369	0
0.91	-0.525388745	0
0.9125	-0.526832121	0
0.915	-0.528275496	0
0.9175	-0.529718872	0
0.92	-0.531162248	0
0.9225	-0.532605623	0
0.925	-0.534048999	0
0.9275	-0.535492375	0
0.93	-0.53693575	0
0.9325	-0.538379126	0
0.935	-0.539822502	0
0.9375	-0.541265877	0
0.94	-0.542709253	0
0.9425	-0.544152629	0
0.945	-0.545596004	0
0.9475	-0.54703938	0
0.95	-0.548482756	0
0.9525	-0.549926131	0
0.955	-0.551369507	0
0.9575	-0.552812883	0
0.96	-0.554256258	0
0.9625	-0.555699634	0
0.965	-0.55714301	0
0.9675	-0.558586385	0
0.97	-0.560029761	0
0.9725	-0.561473137	0
0.975	-0.562916512	0
0.9775	-0.564359888	0
0.98	-0.565803264	0
0.9825	-0.567246639	0
0.985	-0.568690015	0
0.9875	-0.570133391	0
0.99	-0.571576766	0
0.9925	-0.573020142	0
0.995	-0.574463518	0
0.9975	-0.575906894	0
1	-0.577350269	0
