0.38903	1.5845	1.5339
0.092395	1.2311	1.3505
1.0326	1.7595	1.6497
1.2811	0.080744	1.2756
1.9545	1.2981	1.0059
0.042231	0.82635	1.2292
0.60246	0.096012	1.1574
0.95137	1.5163	0.14499
0.28172	1.3849	1.5796
0.88883	0.80855	1.9752
0.098184	0.56838	0.97923
1.9502	0.71869	1.1342
0.90431	0.012844	1.1279
1.1311	1.3052	0.05676
1.0667	0.097224	1.4249
0.16031	1.2762	0.53244
0.54883	0.5935	1.7945
1.8904	1.0447	0.54708
1.4479	0.20303	0.59477
0.74841	0.098524	1.3522
1.2192	0.11988	0.5789
1.0275	0.56213	0.10138
1.4684	0.1165	0.9939
1.878	0.67216	0.65118
0.35568	0.29468	0.70441
1.4846	0.25448	1.4575
1.1588	0.016371	0.91479
0.60797	1.7611	0.48322
0.31718	0.77948	0.30349
1.8956	1.1916	0.59851
1.1711	0.71771	1.9439
1.0673	1.9722	1.2243
1.8967	1.3462	0.72409
0.99097	1.9855	0.83028
0.17353	1.097	1.5546
0.22372	1.1245	1.618
0.023355	0.80833	0.9029
0.16917	0.68691	0.53989
1.2849	0.042189	1.0377
1.1365	0.35274	0.25006
0.88724	1.8114	1.5735
0.59766	0.17503	0.60308
0.88943	1.8084	0.42187
1.457	1.0646	0.1129
0.73694	1.9278	0.73533
1.9598	0.83784	1.2292
0.58991	0.89194	1.9056
1.3079	1.5958	1.7418
1.5502	0.93654	0.1674
0.040919	1.1178	0.74255
0.95482	1.9989	1.0085
0.22491	1.6232	0.89548
0.38015	0.74983	0.25622
0.016374	0.94756	1.1724
0.14036	1.5007	1.1018
1.2064	0.054602	0.7478
0.83359	1.9845	0.94415
1.0515	1.6987	0.28642
1.943	0.89701	0.68354
1.6799	1.2003	1.7054
1.7174	1.3534	0.3997
1.3717	1.9063	0.79892
1.5708	1.4798	1.6663
1.9108	0.58761	0.97964
0.53497	1.0352	0.11541
1.3101	0.73013	1.9116
1.2601	1.1876	0.052815
1.3112	0.24335	0.42499
1.2582	0.080737	0.70286
0.70557	1.2854	1.9121
1.0444	1.1629	1.9856
1.2931	0.11436	0.63981
1.3423	1.4714	1.8128
1.9114	1.1377	1.3879
0.51651	1.51	1.7114
1.8368	1.2454	1.4894
1.7477	0.34156	0.91401
0.74977	0.44684	1.7946
1.2312	0.027512	0.97122
0.86284	1.1614	0.022686
0.072301	1.2736	0.74597
1.2095	0.11562	1.4171
1.6874	0.77363	1.6901
0.8486	0.92638	1.9857
1.0675	0.018474	1.179
0.51837	0.49533	1.7165
0.43793	0.18065	0.88713
0.41978	1.0768	0.18917
0.12703	0.59046	0.73504
0.77928	0.63116	0.097094
0.77239	0.13605	1.4492
0.67923	1.9219	0.78264
0.34141	1.0636	0.25018
1.7814	0.96611	0.37684
0.94882	1.6392	0.23263
0.80661	1.8117	0.44893
0.59401	0.82035	1.896
0.70456	0.14135	1.4189
0.78104	0.067709	0.71209
1.9279	1.3727	0.99759
0.84339	1.9003	1.4061
1.0461	0.0052985	1.0919
0.043289	0.95441	0.71255
1.2752	0.91254	1.9574
1.7247	1.6056	0.67119
1.2539	0.48551	1.819
1.0684	0.94335	0.0039509
1.2534	0.099269	1.3528
1.8614	1.4115	0.70212
0.72141	0.90732	0.044073
1.4034	0.74375	1.8784
0.87192	0.0099435	1.0582
0.2577	0.3818	1.2585
0.26918	1.6742	1.1066
0.72987	0.17561	1.4974
0.97104	1.7293	1.6836
0.1101	0.83038	1.4234
0.65066	1.8401	1.4149
0.86098	0.73568	1.9544
1.2986	0.13638	1.4062
1.198	1.2406	0.04977
1.8559	1.0294	0.48372
0.96923	1.5822	0.18755
1.8831	0.61323	1.2658
1.666	1.5123	1.5422
1.9326	0.77428	1.2817
0.8903	1.9651	1.2377
1.7182	1.5275	0.54617
0.57987	1.7943	0.56114
1.1318	0.018843	1.1413
1.0354	0.00070163	1.0121
1.6481	0.62932	1.6652
0.49621	0.98783	1.8637
1.3013	0.074501	0.77047
1.1351	1.9901	0.96294
1.2878	1.9331	1.2157
0.30711	0.35906	1.3303
0.62377	1.069	0.076045
0.38532	0.41724	0.46844
0.25598	0.80084	0.36221
0.49814	0.94628	0.13672
0.78837	0.039275	0.82049
1.1818	1.9827	1.0355
1.6198	1.413	1.6672
0.060214	1.1461	1.309
1.2893	0.63245	1.8839
1.4891	1.5683	0.33836
1.6471	0.25521	0.83695
0.27686	1.1118	1.6816
1.7312	1.6488	0.7894
0.89234	1.0598	1.9924
1.4845	1.6867	1.5419
1.7445	0.64876	0.43221
0.64507	0.94873	1.9335
1.0965	1.7593	0.35647
1.4207	0.57354	0.19931
0.13139	1.4122	0.72502
0.15962	0.45874	0.97173
0.28557	0.72781	0.35541
0.43381	1.7726	0.71269
0.096935	1.3499	0.75098
1.8837	0.93378	1.4633
0.81743	1.0567	1.9816
1.4928	0.38504	0.38438
0.22519	0.62178	0.49343
1.191	0.035091	1.1802
1.6812	1.575	1.4531
1.2694	0.16353	1.4772
0.033121	1.1359	1.216
0.89449	0.49134	0.14552
0.3268	1.2391	1.6997
0.59825	1.1784	1.8982
0.97301	1.278	0.039793
0.018467	0.88017	0.85089
1.0099	1.9496	0.68684
0.9095	1.9861	0.86054
0.13551	0.50511	0.91201
1.2412	0.69064	1.9198
0.27359	1.5527	0.59151
0.5183	0.34236	0.4208
1.4128	1.4281	1.804
1.0184	0.045846	1.2988
0.09243	1.384	0.83009
0.24316	1.4245	0.50303
0.78989	1.9339	1.2892
0.46532	1.7309	1.4242
0.19798	0.55318	1.3964
0.98427	0.38864	1.7912
1.0036	1.4116	0.088652
1.9953	0.99767	0.90279
0.9494	0.53713	0.11502
1.4211	0.20763	1.4414
0.89388	0.090605	1.4022
0.10351	0.56285	1.0721
0.32469	1.5744	0.53741
0.43261	0.78269	0.20575
0.85719	1.1306	1.9811
1.4181	1.7316	0.46145
0.22794	0.70447	1.5627
0.36784	1.7227	0.72065
1.9229	0.67469	0.79419
0.62301	0.77689	0.10106
0.63578	1.2572	1.8951
0.051522	0.72552	0.84173
0.86442	0.058505	0.69145
1.6226	1.781	1.0484
1.9924	1.1214	1.0195
0.10221	1.1514	0.5864
1.5572	0.61153	1.7339
0.61259	0.11164	1.2464
1.5512	1.3208	0.22981
1.2354	0.69415	0.077471
0.021588	1.1852	0.90823
0.12187	1.0403	1.4767
1.113	1.8949	1.4317
0.49298	0.2413	1.409
0.071395	0.65541	0.86233
0.37575	0.6936	1.7186
0.13753	1.1969	0.53377
1.1941	0.75952	0.048946
1.8435	0.56831	1.3197
1.7604	1.4382	1.4793
0.58102	0.73455	1.8683
1.4773	1.752	1.4547
1.2418	1.003	1.9703
0.0083965	0.91812	1.1001
0.72464	1.1328	1.9521
1.1328	1.2289	1.9644
1.2489	1.9559	1.156
0.97284	1.7953	1.6056
1.4184	0.56879	1.7994
0.51896	0.43313	1.6688
1.9629	0.73195	0.96759
1.8062	1.3154	1.5006
0.79416	0.78432	1.9545
1.2342	1.8696	1.4348
0.79817	0.19246	1.5542
0.408	1.7939	0.86108
1.0586	1.3263	1.9435
1.402	1.1755	1.8987
1.5504	0.20633	0.74097
1.5148	0.24758	0.58913
0.65407	1.103	1.9326
0.73685	0.042154	1.1153
0.51867	1.1944	1.8547
0.75489	0.031692	0.95204
1.0939	0.30016	0.29189
1.1145	1.9896	1.0866
0.45313	0.53341	1.6951
0.12482	1.4828	1.031
0.90183	0.026818	0.79196
1.9123	0.59605	1.0667
0.63705	1.9205	0.85558
0.93408	0.68654	0.05269
0.43892	0.18243	1.1295
1.6289	1.2719	1.7284
1.9234	1.3518	1.1532
0.94015	1.9393	0.66222
0.93249	1.6676	1.7414
0.97711	0.097171	1.4294
1.7793	1.4699	1.4146
1.7908	1.5688	1.2261
1.0684	0.70205	1.9521
1.0627	0.056793	0.67376
1.8428	0.49016	1.1724
1.0532	0.62088	1.9238
1.7779	1.6227	0.91598
1.5115	0.84719	1.8456
0.90891	1.9941	0.9407
0.53464	0.15834	1.2739
1.0923	1.5016	0.13987
0.37895	0.3722	0.53078
0.39511	1.4391	0.33568
1.864	1.1073	1.4919
0.51712	1.7838	1.3905
1.1663	0.19199	1.5652
0.95988	1.9233	1.3819
1.1986	0.84061	0.032958
1.4069	0.087861	1.0495
0.71766	1.8484	1.4478
0.086164	1.1537	1.3759
1.9762	0.79426	0.93209
0.64307	1.1513	0.078198
1.269	0.77203	0.064235
1.8627	0.54689	1.2244
0.81097	0.024412	1.1118
1.4869	0.58177	0.23316
1.9171	0.62864	0.85491
1.5671	1.8236	1.0093
1.4469	0.96917	1.8941
1.1337	1.3055	1.9428
0.42493	0.27483	1.3787
1.5361	1.4865	0.31013
1.2164	1.9438	1.2498
1.471	0.16502	1.2846
1.8988	0.57218	0.90403
1.7063	1.2393	0.33375
1.8825	0.7379	0.6094
1.021	0.49669	1.8639
1.9611	1.2527	1.1118
0.56362	1.2534	1.8633
0.56382	1.8812	1.1825
0.90196	1.2732	1.9569
0.2023	0.95406	1.6013
1.8945	1.2858	1.3439
0.63259	1.8952	1.2523
1.8122	1.1043	1.574
1.5019	0.74275	0.1742
1.2631	1.673	1.6912
1.2885	1.7834	1.5505
0.50465	1.8402	1.2207
0.99609	1.8836	0.53168
1.9724	1.233	0.98566
0.70155	1.2856	0.089318
0.015495	0.83922	1.07
0.18574	0.66397	1.4734
1.6548	0.31772	1.3252
0.92978	1.437	0.10329
0.92087	1.847	0.47429
0.536	1.8755	0.86535
0.21934	0.40597	0.80584
0.80061	0.28732	1.6726
0.68076	0.4895	1.7984
1.496	1.0332	1.8677
1.7183	0.36703	0.71129
0.34634	0.35299	0.60743
1.2582	0.057871	1.2139
0.05775	1.2066	1.2636
0.94239	0.064093	1.3475
1.0154	1.4833	0.12466
1.9875	1.0709	0.85907
1.2894	0.055877	0.8423
0.47882	0.56076	0.26826
1.6019	0.87082	0.21194
1.5314	0.15296	1.0129
0.9847	1.8054	0.40751
1.4569	0.80106	1.867
0.84838	0.067681	1.3283
0.46129	1.8389	1.0782
1.3044	1.9089	1.285
0.34765	0.59976	1.6436
0.79127	1.9558	0.79284
0.47392	0.67396	1.7855
1.2452	0.20229	1.551
1.434	1.0673	1.8984
1.0405	1.5561	0.16988
1.858	1.4919	0.85202
1.89	0.81404	0.5837
1.2256	1.919	1.3233
0.1577	0.97727	0.46147
0.033014	0.89568	0.7675
0.9083	1.7614	1.6417
1.9078	1.1139	0.59634
1.2385	1.2978	0.07563
1.4935	1.2826	1.8226
1.8814	0.52805	1.0196
0.88606	1.5569	0.17727
0.09423	0.6264	0.8
1.5143	0.20961	1.3329
0.070713	1.2961	1.2208
1.9849	0.93968	0.83777
1.7659	0.36548	1.104
0.73741	1.0283	0.035506
0.70047	0.65357	1.889
1.4192	1.7217	1.5508
1.3578	0.071472	0.90091
1.667	0.38574	1.4217
1.0227	1.9994	0.97352
0.21531	0.58742	1.4626
1.1504	0.66135	0.071178
0.021553	0.79421	0.98293
1.5359	1.7656	1.3559
1.2669	1.1052	0.042029
1.2267	1.4407	0.13141
0.52669	0.1601	0.73442
1.5019	0.15239	0.82788
1.5436	1.3597	1.7583
0.86596	0.11097	0.56221
0.17853	1.3627	1.4401
1.8367	1.1067	0.46282
1.6789	1.7342	0.99602
0.94691	0.01201	0.85489
1.3499	1.2274	1.9087
1.6024	1.3383	0.27708
0.8316	1.7795	1.6033
1.9704	0.81894	1.1597
1.1361	0.083902	0.62286
0.56057	0.65561	1.8296
0.1393	0.50301	1.1104
1.9827	0.81542	1.017
0.84976	0.64741	1.9236
0.10308	1.303	0.67798
1.5988	1.5623	1.5703
1.5431	0.16571	1.0947
1.8625	0.70628	1.4122
0.45822	1.8238	1.1669
1.5294	1.7391	0.58349
0.99712	0.67549	1.9459
1.2267	0.24685	1.6176
0.18123	1.2226	0.47078
1.1013	0.035832	1.2452
1.4786	0.98949	0.122
1.0713	0.83973	1.9845
0.045358	1.2361	0.81859
1.0293	0.12764	1.488
0.0076628	1.122	0.9806
1.6673	0.25714	1.0535
1.1603	0.12957	0.53452
1.8248	0.88922	0.44557
1.3701	0.19212	0.54134
1.2588	1.8321	1.4906
1.5386	0.98056	1.8424
0.053259	0.88088	1.2992
0.91769	0.67959	1.9437
1.4793	0.91066	1.8731
0.91525	1.9475	1.3082
1.4667	0.29169	1.5296
0.65505	0.076356	0.83298
1.6758	1.7307	0.90357
1.5713	1.0074	0.17931
0.19693	0.77238	1.5507
0.87598	1.9708	0.79463
0.16828	0.86534	1.5386
0.72098	1.5369	1.7961
1.9902	0.90289	0.90007
1.6259	1.779	0.96111
0.87948	1.2971	0.052805
0.1856	1.3091	1.4911
1.5356	0.25095	1.3899
0.80868	1.324	0.073505
1.5311	0.76593	1.8144
0.43654	1.3051	1.7677
1.7883	1.2631	1.5562
0.071557	0.62942	1.0258
0.9761	1.2097	1.9775
0.87409	1.6271	0.23127
0.79344	0.021903	1.0256
1.8892	0.59562	0.78618
1.4634	1.4465	0.23453
0.67077	0.14955	0.5897
1.1474	0.43859	1.8143
0.82925	0.79808	0.035597
1.1439	1.4546	1.879
1.9399	1.2851	1.188
1.2148	0.34981	0.27123
0.37086	0.83089	0.24133
1.521	0.54454	1.7219
1.7818	0.39327	0.85622
0.43676	0.23726	1.3178
0.41534	1.634	0.49386
0.65634	1.603	1.7199
0.79037	1.6345	0.25605
1.0817	1.511	1.8557
0.78982	1.5206	1.8275
1.6591	0.26575	1.1628
1.6309	0.90082	1.7695
0.76846	0.046825	1.1945
1.1394	0.086342	1.3818
0.3099	0.2803	1.0761
1.1754	0.24208	0.37169
0.80431	0.39083	1.7685
1.9663	1.0607	1.2503
0.83194	0.85442	1.975
1.8448	1.2785	0.54304
0.7369	0.50688	0.17078
0.86188	1.3737	1.9172
0.11548	1.0764	0.53979
1.1679	0.29189	0.31414
1.3396	0.31321	1.6426
1.8047	0.45318	1.2312
1.1056	0.49184	1.8548
0.026193	1.1562	0.8348
1.2034	1.7231	1.6601
0.27716	0.66008	1.6016
0.90058	0.07745	0.62715
1.4898	0.35	1.581
0.89376	1.9545	0.7214
1.7166	0.57077	0.45028
0.33692	1.7429	0.90815
1.4396	0.23557	0.52836
1.2156	0.62027	0.10037
0.11258	1.3773	1.2649
0.81507	0.098214	1.3906
1.8765	1.4418	1.1912
0.367	0.32915	1.3864
0.91079	1.8982	1.4304
0.56342	1.1068	0.10669
0.16155	0.62394	1.3944
0.73815	1.9625	1.0702
1.7647	0.38647	1.1971
1.0997	1.5749	1.8122
1.4122	1.8736	0.74146
0.78441	1.0852	0.027239
0.82068	1.7713	0.38925
1.9029	0.87821	1.4123
0.089589	1.4133	1.0194
0.38958	0.20943	0.95109
1.2949	0.36494	0.28605
1.7298	0.33658	0.83481
0.27907	0.42798	1.3912
1.2079	1.81	1.5483
0.3322	1.6695	1.3253
1.3497	0.063135	0.99569
1.2034	1.2559	1.9451
0.35325	0.23753	1.0188
1.5647	0.17638	0.94693
1.8694	0.53004	0.8475
0.81636	1.7217	1.6674
0.62936	1.8903	0.73552
0.16551	1.3622	0.58475
0.035759	0.98369	1.2645
1.1624	1.6065	1.7783
1.1678	0.56625	1.8853
0.63365	1.8707	1.3281
1.3311	1.9331	1.1405
0.30591	0.28049	0.97683
1.7716	0.88144	0.37509
0.25278	0.67405	0.42085
0.6484	0.20039	1.4868
1.0885	1.3965	1.9137
1.1091	0.32133	1.7263
1.0459	0.43737	1.8254
0.79959	0.13828	0.53387
1.4057	1.9034	1.1391
0.72719	1.9487	0.84045
1.1475	0.98336	0.011075
1.6182	0.31775	1.3904
0.062322	0.74339	0.76567
1.5084	0.44312	0.34319
1.4851	1.5703	1.6629
0.11979	0.55548	0.83377
0.34811	1.7438	1.1478
0.81483	1.8519	0.51011
1.4151	1.8693	1.2685
1.2398	1.9662	0.90513
1.2961	0.046951	0.93648
0.27609	1.6737	0.85151
0.33538	0.25821	0.91041
1.5588	0.57308	0.28901
1.8474	0.95491	1.529
1.254	1.8723	0.58217
1.6534	1.1237	1.7468
1.5799	0.83613	1.798
0.4788	0.26899	0.55957
1.086	0.11511	0.5422
1.6243	0.59753	0.33047
0.97278	0.91604	0.0039026
1.3383	0.75459	0.09151
1.4411	0.32499	0.40854
1.4979	1.1975	1.8444
0.031542	0.90737	1.2313
0.98673	0.065486	0.64432
0.62967	0.17091	1.4189
0.65673	0.78723	1.9148
1.1462	1.805	0.42499
1.5261	1.1072	1.8437
0.77695	1.9086	0.64694
1.0553	0.084456	0.60161
0.1816	0.6157	0.57276
0.58904	1.8908	0.80632
0.49131	1.7521	0.58096
0.88616	0.93714	0.0084916
0.50475	1.8126	1.3074
0.56327	0.95696	0.10144
1.7335	0.95837	0.32158
1.7988	0.39944	1.0354
1.9494	1.0663	0.69315
1.4828	1.8269	0.71168
0.69725	0.072422	1.219
0.33899	1.1927	0.27478
1.0745	0.38388	1.7841
0.90225	0.98277	1.9951
1.2915	0.62413	0.12036
1.5073	1.1338	0.14866
0.96598	0.8392	0.013599
1.0897	1.9841	1.1532
0.59331	0.14609	1.3247
1.7464	0.53682	1.4778
0.91273	1.2288	0.030445
0.7152	0.73369	1.9209
0.52976	0.11753	1.0109
1.6578	0.53828	0.40498
1.1568	1.8464	0.4911
1.5952	0.26863	0.66707
1.2569	0.56234	1.8617
1.3048	1.2421	0.078881
1.2004	0.037552	0.81686
1.0056	0.027456	1.2327
1.7309	0.82794	1.6604
0.947	0.60968	0.080848
0.38295	1.3735	1.6926
0.76215	1.2592	0.063926
1.7599	1.5965	0.74177
1.527	1.0563	0.15202
1.5828	1.1358	1.8012
0.12075	1.1826	1.44
1.3697	1.9291	0.99333
0.082252	0.90576	1.3858
1.6392	0.81135	0.25447
0.89721	1.1965	1.9751
0.96111	0.002957	1.0663
1.2934	0.48888	0.19211
0.63932	0.91002	0.071662
1.2545	0.25578	0.38244
0.71307	1.1894	0.060957
0.53271	1.7505	1.4673
1.2009	0.92311	0.023404
0.7577	1.9663	0.91284
0.099435	0.57661	0.90139
0.25889	0.87398	0.34055
1.9467	0.7498	1.203
1.3273	1.8566	0.60102
1.218	1.4172	1.8823
0.79581	0.56226	0.12439
0.28375	0.31695	1.1429
1.3304	1.144	0.067215
0.066368	1.3156	0.83041
0.80336	1.4705	0.13981
0.11826	1.3401	1.3269
1.009	1.9885	1.1513
1.5361	0.33008	1.5136
1.3007	0.35952	1.7067
0.72939	1.8642	0.57586
0.46658	1.0199	0.15438
0.16421	0.47649	0.83452
0.13471	1.3124	1.392
1.2032	1.6785	0.29408
0.10583	1.4452	0.95258
1.4944	1.3624	0.20991
0.83101	1.0069	0.014407
0.25604	0.50702	1.4511
1.2454	1.1937	1.9499
1.4991	1.5039	1.705
0.72312	0.5762	1.8624
1.9005	1.3747	1.2205
1.211	1.5494	0.1915
1.0626	1.0198	0.0021561
0.67173	0.87495	1.9363
0.85393	1.9303	1.3365
0.69465	1.8085	1.5031
0.80243	1.8325	1.5177
0.36702	0.91044	0.23103
0.94666	0.60785	1.9184
0.26184	0.8307	1.653
1.0685	1.9933	0.90715
0.27346	0.53651	0.49273
1.9908	0.87012	0.96264
1.7538	0.40547	1.2797
0.71243	0.31059	1.6648
1.6324	1.5858	1.5068
1.7867	1.1263	0.39569
1.9642	0.9218	1.2533
0.36831	1.133	0.23627
0.28295	1.0352	0.30387
0.43516	1.1542	0.18933
0.68005	1.9439	0.9178
0.042239	1.2653	0.88905
1.9812	1.0053	0.8072
0.23864	0.90582	1.6414
0.96178	0.00079709	0.98846
0.56477	1.8594	1.2684
0.040524	0.72975	0.92018
1.972	0.85993	0.81145
0.30309	0.32988	0.74453
0.44721	1.0502	1.8318
0.81605	1.9411	0.71624
1.6952	0.70478	1.6554
0.17981	1.5602	0.88408
1.8492	0.52168	0.77613
1.8843	1.4516	1.1186
0.89645	1.3683	0.076075
1.7107	1.0349	0.29739
0.39945	0.53444	1.6501
1.4619	1.6462	1.6075
1.1522	0.37237	1.7635
1.1735	0.29022	1.6827
0.92709	1.341	1.9372
0.26505	1.2742	1.6202
0.12021	0.89386	1.4634
1.3783	1.2721	0.11522
1.8605	1.5095	1.001
1.469	0.72104	1.838
0.98264	1.0657	0.002311
1.981	0.90861	1.1709
1.2277	0.033055	0.8852
0.57725	0.87528	0.10238
1.9772	1.1772	0.88332
0.63753	0.24713	1.5494
1.4705	0.12113	1.079
1.9019	0.70102	1.3119
0.57771	1.331	1.8439
1.9612	0.99115	0.72437
1.5779	1.0513	1.8145
0.39792	0.35892	1.4759
0.67859	0.053372	0.97563
1.9599	0.72376	1.0471
0.85297	0.34209	1.7386
1.561	1.8245	0.92657
1.5342	1.4116	0.26159
0.069625	1.1428	0.66234
1.5424	1.8267	0.85024
1.3101	1.043	0.050256
1.8741	0.79382	1.4398
1.0777	1.6119	0.21291
1.4277	0.12003	0.79332
0.19525	0.42318	1.1402
0.15625	1.438	1.3102
0.067399	0.64413	0.93991
1.0094	0.4893	0.14029
0.52462	0.39658	0.35977
0.56423	0.72273	0.14371
1.0257	0.070388	1.3676
0.17478	0.52615	0.69263
1.9114	1.3144	1.2656
1.723	1.6896	1.0421
1.2037	0.0861	0.64884
0.0769	1.2179	0.68314
1.5465	1.6541	0.47711
1.8256	0.96509	0.43684
0.087612	0.67966	0.74518
1.9784	1.1993	1.0551
0.6082	1.0332	1.9195
1.555	0.29664	1.4441
0.9508	1.1309	1.9902
1.1177	0.0090633	1.0648
0.93646	0.5166	1.8731
1.7911	1.4067	0.54303
0.47356	1.6959	0.51154
1.3539	1.8759	1.328
0.015162	1.0915	1.1474
0.87754	1.9837	1.1318
1.046	1.971	0.76538
0.63339	0.69178	0.12216
1.5929	0.73706	0.23886
1.8235	1.5549	0.88219
1.6767	0.9754	0.26412
1.4164	1.6182	1.6667
0.3612	0.29752	1.3138
0.29815	0.58601	1.5797
0.37825	0.22988	0.85739
1.4297	1.3812	0.18141
1.9434	0.86278	1.3019
0.33608	0.38308	1.4226
1.3691	1.927	1.0674
1.9795	0.98713	1.201
0.53767	1.3055	0.16759
0.61628	1.7789	1.496
0.15735	1.5089	1.1758
1.0482	0.035959	0.73865
1.5615	1.7787	0.72013
0.64209	1.8704	0.66192
1.5821	1.1047	0.19368
0.94466	0.046261	0.7045
1.1256	1.8256	1.5501
1.9138	0.89337	0.60814
1.275	0.8488	0.050519
1.9938	0.95283	1.101
0.29803	1.1214	0.29821
1.6154	1.779	0.87985
0.26135	1.375	0.43986
0.11764	0.96541	1.4693
1.1558	1.9438	0.70836
0.22702	0.48678	1.373
0.5497	0.12963	1.1992
1.8299	0.61927	1.4078
0.35042	0.52274	1.5918
1.405	0.93187	0.088216
0.8648	1.0826	0.012633
0.39353	1.7044	1.3688
1.8087	0.68569	0.50281
1.1692	1.7775	1.6058
0.12322	0.64192	0.67901
0.35474	1.6443	1.4105
0.52503	1.8535	0.78577
1.2564	1.375	0.10914
0.39311	1.7676	1.2062
1.0801	0.21135	1.6096
1.6335	1.0397	0.22728
1.5488	0.39915	1.5812
1.4546	0.19271	1.3763
0.4296	0.93988	0.18084
1.8191	0.67342	1.4717
1.9584	0.99103	1.2854
1.5169	0.17184	1.2168
1.9386	1.337	0.92596
0.28438	1.2036	0.33185
1.6046	0.67031	0.27494
0.20639	0.39298	0.9587
0.92772	0.024414	1.2074
0.24314	0.37323	1.1853
0.076789	0.92905	0.62231
0.44237	1.1925	1.8075
1.124	0.031434	0.78437
1.2173	0.41549	1.7818
0.75966	0.76655	0.057802
0.25849	0.33132	0.94496
0.077636	0.82634	1.3451
0.13996	0.69656	1.4102
0.036061	1.2641	1.0326
0.12178	0.59806	1.2592
1.8742	1.2461	1.4185
1.3804	0.37355	1.6803
1.4096	0.13123	0.72169
0.19891	1.5744	1.1682
0.20524	1.0365	1.6058
0.069623	0.77475	1.2892
1.732	0.31988	1.0401
1.8367	1.0425	1.546
1.7228	0.42826	1.3882
0.65456	0.5566	0.17292
0.71892	0.041166	1.0404
0.49381	0.78328	0.16525
1.8095	0.47856	0.73014
1.3882	1.6821	1.6197
0.58764	1.5571	0.27916
0.93358	1.4197	1.9052
0.27067	0.4258	0.62801
1.7449	0.78598	0.36813
1.6619	0.74373	0.29554
1.6193	0.95159	0.21633
1.312	1.9475	0.92967
0.83314	0.16771	0.47137
0.86856	0.2886	0.30962
0.14468	1.5152	0.94576
1.3492	0.14979	0.60605
0.46854	1.8396	0.88735
0.16613	1.5511	1.0309
0.69054	1.9429	1.1229
1.8674	1.4922	0.92695
1.7765	1.4771	0.58828
0.82431	1.975	0.86368
1.8714	1.129	0.52678
1.3807	1.0909	0.079798
1.1426	0.57619	0.10555
1.0108	0.64877	0.063774
1.9346	0.92894	1.3486
1.8221	1.5542	1.1304
0.24812	1.6368	1.1708
0.23518	0.63322	1.5296
1.1048	0.15367	0.47775
1.2825	0.55574	0.14981
0.72455	0.43906	0.21931
0.65666	1.845	0.58994
0.62828	0.62399	1.8488
0.49286	1.5607	1.6545
1.9869	0.86883	1.0938
0.72474	1.5977	0.24699
1.8046	0.4234	1.142
0.13925	1.376	0.65694
0.81626	1.9807	1.0664
0.010169	1.0167	0.85874
0.64371	1.2279	0.093855
1.758	0.38924	0.77099
1.8052	0.54945	1.3856
0.37881	1.054	1.7818
1.1981	1.1365	1.9706
0.83832	1.6526	1.7403
1.7675	1.2126	0.39527
0.040715	1.0798	1.2709
1.907	1.4006	0.87018
0.48044	0.17089	1.2065
1.3032	0.19556	0.48915
0.31823	1.6657	0.69662
0.22473	0.55758	0.5492
0.584	0.092474	0.94221
1.7266	1.6852	0.94923
0.76574	0.23411	0.40123
1.2153	0.028723	1.1013
0.15943	1.1592	1.5178
0.12145	0.94842	0.52515
1.5955	0.19729	1.0331
1.0527	0.17909	0.43137
0.060038	0.69639	1.1559
0.87069	0.0085087	0.98507
1.8934	1.3052	0.67034
1.7114	0.9178	1.6979
0.70137	0.087091	0.72176
0.034845	0.80498	0.82553
1.568	1.6827	0.5403
0.8263	1.2356	1.9562
1.0222	1.6489	0.23944
0.47401	1.8499	0.96879
0.017319	1.1764	1.0566
1.7674	0.92513	1.6368
1.7335	0.99082	1.6796
0.82551	1.2288	0.042288
1.4849	1.429	1.7621
1.9757	1.1742	1.1329
1.6381	1.2649	0.27706
1.7604	1.0556	0.35291
1.741	1.4594	0.5103
0.29708	0.30173	0.86464
0.51741	1.7071	1.5168
0.87928	0.5753	1.8973
0.055072	0.75063	1.212
0.64248	0.70195	1.8851
1.6592	1.6339	1.4046
0.64734	0.06737	1.0764
1.1476	0.23789	1.6304
1.2218	1.5623	1.7967
1.5181	0.34176	0.45384
0.71725	0.21842	1.556
1.8322	1.4005	1.3836
0.17327	1.4938	0.73049
0.31442	1.5342	1.4946
1.0434	1.1986	0.020884
1.1672	1.4951	0.14741
0.81532	1.307	1.9336
1.0811	1.9823	0.8312
0.023854	1.1691	1.1362
1.3244	0.21679	1.5304
0.65973	0.12279	0.6613
1.7434	0.72807	1.6111
1.4197	1.3311	1.8451
1.8776	0.87988	0.53586
0.06288	1.3179	1.1441
1.7815	1.6011	0.83294
0.13971	1.4526	1.2346
0.98792	0.011063	1.1478
1.9982	1.0198	1.0561
0.10517	0.88626	0.56833
0.67787	1.7609	1.5632
1.3451	1.6321	1.6938
1.5636	1.6363	1.5268
0.96084	0.83384	1.9853
1.8962	1.443	1.0244
0.90623	1.6895	0.28183
0.26954	0.55255	1.516
0.98467	0.15554	0.46459
0.26252	0.97561	1.6749
0.45949	0.78219	1.8127
0.72774	1.6637	0.30333
1.5174	0.28903	0.52374
1.2179	0.34516	1.7237
1.9934	1.0897	0.92861
1.4974	0.13663	0.91531
1.1366	0.47816	0.15797
0.71634	1.915	1.2869
0.67099	0.06792	1.1516
1.7361	1.2041	1.6454
0.33714	1.4316	0.38817
0.16017	0.93812	1.5393
1.5447	0.63394	0.24548
0.69248	1.9515	0.9896
1.1684	1.6824	1.7113
0.79035	1.1603	1.9646
1.3787	0.9153	1.9217
0.43298	0.86245	0.18786
1.3842	0.27594	1.5728
1.8669	0.94812	0.50422
0.25437	1.0453	1.6648
0.99196	1.9488	1.3157
0.26788	1.3079	0.39237
1.8654	1.4191	1.2747
1.5453	0.49524	1.6692
0.39815	0.45654	1.5852
1.0543	1.2431	1.9685
1.1698	0.80649	1.9663
1.5404	1.1906	0.18044
0.79939	0.27666	0.33929
1.8124	1.5433	0.78831
0.41706	1.3047	0.24679
1.3995	1.0131	0.083362
1.4886	0.1634	0.75218
0.86742	1.86	1.4928
0.50827	1.3941	1.7765
0.75096	0.32984	0.30081
1.9642	1.138	1.2266
0.66005	0.55706	1.8296
1.5979	0.52604	0.35354
0.208	1.4534	1.4089
0.50676	0.29595	0.48909
1.6666	0.56913	1.6083
1.279	1.9572	1.077
1.3677	1.1038	1.9242
1.7862	1.1882	1.5886
0.28321	1.6457	1.2632
0.94044	0.44152	0.17262
1.3519	1.7705	0.46842
0.42216	1.696	0.57372
1.2043	0.54199	0.13484
0.50234	0.19813	1.3307
1.7404	1.2787	1.6117
1.6868	0.30405	0.79035
0.91353	0.34418	0.25005
0.64643	0.43835	1.748
1.8619	0.86053	1.4875
0.24823	0.42297	1.3192
0.68981	1.36	0.12013
1.0668	1.3539	0.067122
1.1645	1.9693	1.1829
0.12918	0.50867	1.0163
0.52844	1.6187	1.6284
1.39	1.4484	0.19578
0.47418	1.4528	1.7201
0.092134	0.82482	0.61909
0.19606	0.94972	0.40742
0.53871	0.51321	0.25821
0.93757	1.8429	1.5345
1.9664	0.92011	0.75565
1.8369	1.4843	0.74486
0.1748	1.4522	0.66159
0.13648	0.6798	0.61037
1.3798	1.1981	0.096385
0.83538	0.043037	0.761
1.0154	1.5514	1.8341
0.73528	0.043324	0.87877
0.75944	1.7447	1.6226
1.7262	1.4159	0.45265
0.96007	0.15252	1.5293
1.4077	1.8401	1.3577
0.48825	1.6494	1.5625
0.091959	1.3726	1.1915
0.60596	1.675	0.37619
1.8024	0.58915	0.56721
1.6126	0.51641	1.6252
1.574	0.46024	0.38425
0.37048	1.6375	0.55578
0.43571	1.7441	0.64242
0.98417	0.20012	1.6
0.33534	1.747	0.98503
0.26034	1.1982	1.6431
1.951	0.83102	0.74119
0.79791	0.98182	1.9792
1.8909	0.5711	1.1497
1.1395	0.8801	1.9829
0.33138	0.50993	0.44074
1.3699	0.81547	0.08944
0.55906	0.18853	1.3835
0.56257	0.12419	0.79601
0.93588	1.1223	0.009577
1.679	1.4815	0.44586
1.7852	1.5401	0.69703
1.1387	0.054687	0.7048
0.20165	1.3565	0.51466
1.6162	1.4774	0.37361
0.084973	1.0774	1.3959
1.546	1.7904	1.2777
1.2839	1.566	0.22605
1.2006	0.92701	1.977
0.76203	1.3707	0.10227
0.23222	1.2446	0.4078
1.7719	1.6358	0.99807
1.3041	0.25681	1.596
0.55119	1.704	0.44964
0.31764	0.9909	1.731
0.57967	0.10236	0.86749
1.5052	1.6159	0.3955
0.45012	1.7611	1.3439
0.95996	0.096316	0.57368
1.7853	0.59759	1.4705
0.53017	0.80198	1.8603
0.88836	1.4731	1.8739
1.2914	1.9566	1.0081
1.0444	0.78922	0.023476
1.3975	1.5211	0.2447
0.65239	1.9363	1.0494
0.78554	0.95227	0.024435
1.8031	1.2674	0.46751
1.7283	1.6546	1.2028
0.87166	1.7399	0.33963
0.55407	0.23947	0.52805
0.91778	0.12279	1.473
0.19703	1.4993	1.3255
0.40509	1.7948	1.1202
0.4491	0.6235	1.7448
0.10107	0.71432	1.3321
0.9713	0.38515	0.21188
0.0018461	0.98732	1.0594
1.6704	0.49767	1.5461
0.51302	1.3275	1.8097
0.43884	0.30596	1.451
1.3404	1.882	0.67406
1.3468	0.18307	1.4608
0.81881	1.4567	1.871
0.24075	1.5274	1.3813
0.0010401	0.96142	0.9757
0.6238	1.3082	0.12621
1.9108	0.63306	1.1893
0.85681	1.9226	0.64182
0.32303	1.0713	1.7326
1.957	1.2357	0.83115
1.1643	1.52	1.8382
0.76119	0.88989	1.9648
1.142	1.9552	1.2596
1.0811	0.93563	1.9946
1.2847	1.2667	1.9208
1.3124	1.1585	1.9366
0.30868	1.2797	0.33378
1.6403	1.0525	1.7663
0.28089	1.6913	0.92945
0.66129	0.83269	0.074104
0.521	1.8771	1.0344
0.67615	0.27526	1.6082
0.32074	1.7299	1.0762
1.8146	1.4749	0.66701
1.1851	1.158	0.030064
0.95916	0.2019	0.39887
1.1296	1.9181	0.62535
0.7347	1.4387	0.14141
0.72698	0.81948	1.9449
1.9375	0.75559	0.75221
1.0578	0.7037	0.046652
1.751	1.2846	0.40422
1.3623	1.3881	1.8474
1.5447	1.7625	0.65085
0.5664	0.30803	1.5772
0.0083195	1.0165	1.1277
1.4299	0.85249	0.10925
0.20773	0.39071	1.0326
1.7504	1.5432	0.62344
0.25673	1.4867	1.459
1.9162	0.82661	1.3611
1.8081	0.44623	0.79909
0.24382	0.954	0.34725
1.7142	0.70944	0.3632
1.7552	0.42503	0.68518
1.3241	0.47836	1.7892
0.80716	0.55812	1.8761
0.83772	0.13475	1.4744
1.5885	1.4282	0.31417
0.74022	1.8259	0.49963
0.21456	0.51482	0.61569
1.7668	1.5687	1.2978
1.7069	1.1099	0.30124
1.6401	0.23196	0.97944
1.6861	1.2769	1.6728
0.98658	1.2909	1.9567
0.11595	0.56282	1.1653
0.96852	1.0403	1.9987
1.3768	0.1569	1.3836
1.1775	0.049366	1.2545
1.826	1.4551	1.3326
1.4044	0.15587	0.64796
1.4948	1.8368	1.2342
0.39109	1.7375	1.2921
0.77042	1.6707	1.7053
1.4363	1.3023	0.15249
0.80749	1.8862	0.57855
0.42047	0.73139	1.7694
1.5283	1.6979	1.4835
0.79077	1.395	1.8945
0.22371	1.4027	1.485
0.29512	1.6114	1.3596
1.3794	0.24136	0.47035
0.80435	1.9702	1.143
0.82167	0.49774	0.15387
0.93725	1.9942	1.087
1.0808	1.9965	1.0198
0.65868	0.36571	1.6937
0.91532	0.13301	0.50891
0.30516	0.74782	1.6735
0.49484	1.1257	1.8538
0.53671	1.7435	0.51772
1.808	1.3784	1.4516
1.2805	0.049037	1.1304
1.9357	0.65325	0.93562
1.6751	1.7158	0.82147
1.8801	1.2663	0.60704
0.35735	0.69438	0.29743
1.8077	1.0449	0.41218
1.4586	1.7703	0.55689
1.4157	0.091819	0.9507
1.3239	1.8467	1.4221
0.27884	0.59402	0.43866
0.56924	0.26155	1.5188
0.76197	0.24771	1.6143
1.1102	0.15682	1.5262
0.59221	1.9131	1.0032
0.23083	1.592	1.2406
1.7672	0.35881	0.98197
0.13115	1.4486	0.79067
1.6226	1.5364	0.43024
1.1889	0.50282	1.8468
0.53075	0.46037	0.30099
1.1262	0.0081182	0.9844
1.6298	1.7344	0.747
0.060429	1.335	1.0708
0.39686	0.82487	1.7782
1.0097	1.6787	1.7344
0.58969	0.34269	0.36787
0.52635	1.0587	1.8788
1.8409	0.45891	0.99458
0.098823	1.0027	0.56656
1.8323	1.174	1.5264
0.7493	1.2317	1.9399
0.3955	0.61646	1.6982
0.55595	0.80577	0.1253
0.32273	0.67587	1.6605
1.9727	1.1442	0.81829
0.77036	1.72	0.34514
1.0447	1.452	1.8909
0.47666	0.17279	0.79547
1.9346	1.3215	0.84764
0.31566	1.365	0.36875
1.8974	0.75506	1.3669
0.77551	0.63016	1.9016
1.8539	1.3502	0.61491
1.012	0.12118	0.523
1.6022	1.736	1.3093
0.76288	0.50705	1.8371
0.57705	1.1119	1.8992
1.1009	0.23365	0.36554
1.9392	0.65721	1.0195
0.12576	0.63978	1.3255
0.28005	1.6938	1.018
0.87509	0.40537	0.20576
1.335	0.97249	0.058179
1.5604	0.911	1.8234
0.60133	1.7326	1.5517
0.97373	0.292	1.7057
1.6733	1.6563	0.65956
0.49106	1.1061	0.14577
0.37086	0.26411	1.2503
0.69789	1.0964	0.051619
0.0026311	1.0306	0.93428
1.321	0.96677	1.9465
0.21828	1.267	1.5636
0.063956	0.9978	0.64812
1.1186	1.7478	1.6532
1.0567	1.9215	0.61585
0.66053	1.8113	0.5241
1.4255	0.75189	0.12972
1.462	0.51148	0.25978
1.3151	1.6981	1.643
0.59741	0.53641	1.7893
1.1383	1.6426	0.24637
0.42345	1.817	1.0084
1.5265	1.6113	1.5908
0.29776	1.4538	0.45141
0.20888	0.86787	0.40278
0.56348	1.6809	1.588
0.43582	0.96707	1.825
0.058282	1.0439	1.3335
0.057946	0.95813	1.3328
1.8259	0.81433	1.5324
1.4057	0.097098	1.142
1.8116	0.54728	0.63073
0.77934	1.5264	0.17887
1.6695	1.7374	1.0899
0.33671	0.98418	0.25181
1.8168	1.1858	0.4538
0.83694	1.4084	0.10186
0.50959	0.13804	1.1285
1.4362	1.1472	0.11229
0.60873	0.079815	1.013
0.99768	0.3247	0.26246
1.4356	0.10891	0.87276
1.4741	1.6786	0.43902
0.20667	1.1896	1.5785
0.32124	0.49178	1.5301
0.47183	1.2578	0.19094
1.7367	1.1608	0.34321
1.7763	0.61711	0.49931
1.1722	1.7449	0.35545
1.9523	0.75122	0.82337
1.2152	0.47675	0.17543
1.9501	0.70984	0.8853
1.784	0.69992	1.5435
0.56551	0.10326	1.0841
0.95093	0.27904	0.30876
1.6189	1.1967	1.7604
1.9419	1.1592	1.2959
1.1463	0.19109	0.43055
1.9853	1.165	0.95631
0.35615	0.89439	1.7578
0.18653	1.5237	1.2531
0.93659	1.9816	1.1802
0.30716	0.44837	1.4644
0.578	1.8271	0.62875
0.12167	1.1095	1.4653
1.1785	1.8789	0.55762
0.24484	1.5756	1.3137
1.7071	0.30154	1.1105
1.0416	0.017454	0.8187
0.59773	0.13456	0.70134
1.3293	0.54641	1.8281
0.010223	1.1021	0.90037
1.1931	0.01936	1.0326
1.7073	0.34162	1.2575
0.31367	1.1701	1.7071
1.1491	1.9823	0.8868
1.7563	0.50055	0.57737
0.5654	0.22216	1.454
1.4636	0.50721	1.7364
0.41615	0.21433	0.79546
1.8249	1.4991	1.2654
0.56751	0.97331	1.9012
1.9959	0.91486	1.0307
1.873	1.3594	1.3296
0.39745	1.7957	0.93841
1.6911	0.49205	0.48588
0.42763	0.69056	0.24063
1.3705	0.2903	0.40076
1.5588	0.1813	0.86759
1.0275	0.33044	1.7422
1.8218	0.5067	1.2851
0.32604	1.3764	1.6357
0.42226	1.5545	0.40108
1.9365	0.96989	0.65066
0.27444	1.443	1.5266
1.3656	0.61199	0.15398
1.6662	0.89057	0.26226
0.14849	0.80738	1.4877
0.97903	1.4824	1.8757
0.75077	1.9501	1.1874
1.6202	0.2229	1.1072
0.7349	1.4621	1.8463
1.8047	0.98183	1.5934
0.29391	1.5669	1.4243
1.5531	1.7216	1.4163
1.7117	0.64038	1.6035
0.62945	1.6824	1.6301
0.45108	0.4624	1.6401
1.1265	1.1586	1.9792
0.22338	1.491	0.60529
1.5246	0.50731	0.30567
1.8193	0.89487	1.5637
1.4003	0.68479	0.13955
0.56584	1.1779	0.11689
1.2569	1.7481	1.6118
1.9729	0.78635	1.0884
1.9543	1.146	0.73932
1.1966	1.9747	1.1064
1.5528	1.5442	1.6311
1.6672	1.6726	1.3202
1.1447	1.9661	0.78614
0.1689	0.44751	1.0634
0.36053	1.2692	0.27986
0.81538	1.5785	0.20546
0.82575	1.6889	0.29643
1.8144	1.3414	0.53073
0.31575	0.83271	1.7098
0.76152	0.07094	1.2828
0.48999	0.33187	1.5418
0.19723	0.4573	0.75296
1.3766	1.6353	0.32579
0.58873	1.8032	1.4309
0.47862	0.85656	1.8412
0.45945	1.8178	0.8023
0.5734	0.28811	0.44212
1.4137	1.5626	1.7158
0.74618	1.0589	1.9655
1.2166	1.7797	0.41256
1.6283	1.4868	1.6069
0.82247	0.018793	0.92439
1.3575	0.53326	0.19107
1.6375	0.36477	0.56398
0.4998	0.86888	0.14407
1.9201	0.68877	1.2378
0.70014	0.65598	0.1102
1.6064	1.7614	1.2294
0.62001	0.999	0.075012
0.34422	1.7369	0.83608
1.9286	1.2923	0.77141
1.041	1.6217	1.7822
0.266	0.48156	0.5613
0.18383	1.5407	0.79629
0.11236	0.76327	1.395
0.65777	0.065069	0.90627
1.6695	1.5477	0.49811
1.3172	1.6786	0.33758
1.475	0.18268	0.67393
1.7043	1.0568	1.7076
0.77112	1.9018	1.3666
1.454	0.28391	0.46983
0.9325	0.34211	1.7501
1.9731	0.81371	0.8643
0.87956	0.28771	1.6915
1.4498	1.8733	1.1871
0.37014	1.4986	0.40443
1.5589	1.5369	0.36805
0.70066	1.8823	1.3633
0.072558	1.3629	0.90989
0.26867	1.4948	0.53062
0.95298	0.74882	1.9668
1.7163	0.32644	1.1823
0.3144	0.85917	0.28578
1.9117	1.2084	1.3541
0.18916	1.149	0.43403
1.423	1.5777	0.3019
0.13127	1.2961	0.60294
0.37447	1.7787	1.0478
1.5553	1.2169	1.8028
1.3956	1.8122	1.4288
1.6845	0.43581	0.53832
1.6418	1.3731	0.33002
1.0206	1.7576	0.34757
1.6394	0.70016	1.708
0.98729	1.9707	1.2401
1.6832	1.3084	0.3381
0.3125	1.3072	1.658
0.42592	1.3855	0.27761
1.5679	1.817	1.0999
0.49799	1.1935	0.15706
0.60505	1.9158	0.92675
1.1275	1.0636	0.010206
0.22263	1.5705	0.73508
0.74156	0.13388	0.57217
0.22286	1.5344	0.66762
1.2873	0.4127	1.7567
0.97407	1.3468	0.062407
0.29811	0.91031	1.7066
0.44437	1.5078	0.34165
0.71349	0.39655	1.7442
1.2358	0.8441	1.9592
0.47827	1.3393	0.21726
0.33781	1.7072	1.2477
0.96041	1.9702	0.76085
1.5032	1.2718	0.17969
1.2204	1.9751	0.9747
1.9609	1.2614	0.9092
0.57563	1.5643	1.7082
0.44556	1.7918	1.2561
0.32357	0.46081	0.49829
1.6083	0.23628	1.216
1.4747	1.8234	1.311
1.6354	0.80423	1.7469
1.4365	1.4915	1.7536
1.2046	1.965	0.83578
0.85702	0.020027	0.8614
1.0915	0.56027	1.8935
1.7731	1.0386	1.6331
1.7648	1.1145	1.634
0.23448	1.643	0.97738
0.044366	1.2257	1.1893
0.89683	0.40297	1.7956
1.0446	0.86853	0.0096861
0.074714	0.78776	0.68568
1.6687	0.31298	0.71564
1.7141	0.56147	1.5457
0.93493	1.7675	0.36232
0.50931	1.7945	0.64218
1.5524	1.8128	1.1851
1.3672	0.10233	1.2436
0.66865	1.4529	0.17232
0.44698	0.24698	0.64345
1.9014	1.3794	0.79105
1.7296	1.6708	0.86721
0.472	1.6445	0.44703
1.634	0.46877	0.438
0.034775	0.77681	1.1361
0.78678	1.8677	1.449
0.15992	1.0186	1.5421
0.021069	1.2033	0.98113
1.3993	1.8229	0.59579
1.2305	1.8323	0.49592
0.64349	0.29041	0.39223
0.54977	0.65181	0.17777
0.050927	1.0614	0.69098
0.11513	1.4388	1.1564
1.4376	1.8988	0.97651
0.583	1.4998	1.7592
1.1003	0.058172	1.3208
1.6188	1.606	0.5002
1.3672	1.9038	1.2197
0.91096	1.0138	0.0040679
1.4756	1.8008	0.6359
1.611	1.1758	0.22811
0.57305	1.8327	1.3527
1.4822	0.80776	0.14528
1.0175	1.8369	1.5471
0.88647	1.8738	0.52719
1.5653	0.7946	0.20107
1.0489	1.2801	0.041281
0.68456	1.6992	0.35846
0.37346	1.6914	0.6402
1.2203	0.16284	0.49937
1.2589	0.30028	1.6658
1.3142	1.3219	0.10687
1.0223	0.22306	0.37082
0.92682	0.24504	1.6517
0.67817	0.097751	1.287
0.82115	1.9576	1.2258
1.6193	0.25717	0.74561
1.7263	1.6316	1.2712
0.48372	1.591	0.38023
1.6929	1.593	0.58977
0.060349	0.87716	0.68068
0.12172	0.75922	0.5869
0.88507	1.7083	1.6965
1.0738	1.8629	1.4999
0.70954	1.5227	0.19852
0.39547	1.7663	0.78253
1.2795	1.7895	0.4536
0.68326	1.0228	1.9482
1.012	0.89287	1.9942
1.3425	0.10615	0.71065
1.4145	0.8574	1.8988
1.0012	1.3828	1.9238
1.5691	0.19371	1.1613
1.2497	0.77181	1.941
0.58942	0.40548	1.6914
1.9564	1.212	1.2012
1.3408	0.88467	0.066977
1.108	0.7644	1.9658
0.25166	0.39679	0.72411
1.8339	0.46247	0.87452
0.22364	0.45978	0.6753
1.7615	1.3724	1.5305
0.61389	1.4043	1.8291
0.90466	0.19719	1.5886
1.4579	0.39197	1.6485
0.45611	0.39569	0.41777
1.3404	1.8005	1.4933
1.9811	1.093	1.1696
1.2036	1.9089	0.63598
0.23558	0.36314	1.1003
1.5803	0.29883	0.58572
0.62134	0.20027	0.53411
1.4708	1.5077	0.27853
0.62023	0.62	0.15657
1.082	1.4264	0.099206
0.40504	0.24431	0.72624
1.9902	1.0251	1.1376
0.75885	0.1875	0.46926
0.38321	0.52466	0.37261
0.29617	0.94023	0.29215
1.3666	1.5309	1.764
1.9317	1.2386	1.2738
0.66312	0.4836	0.2127
1.6736	1.3496	1.6511
0.5759	1.4471	0.21244
0.30506	0.65482	0.3692
0.97101	1.878	1.4778
0.7807	0.38322	0.24403
1.6624	0.66854	0.32817
0.56804	1.2495	0.1333
1.1351	1.5676	0.18784
1.1245	1.7016	0.29838
1.1104	1.1472	0.017064
1.0316	0.27134	0.31585
0.56445	1.8515	0.70789
0.19152	1.5805	1.0967
1.9005	0.6633	0.72481
0.38963	1.5255	1.5927
1.8722	1.4455	0.79792
0.80751	0.43905	0.19484
1.6082	0.3551	1.4628
1.7813	1.5173	1.3493
0.9125	0.78007	0.028418
0.044841	0.704	0.9927
1.8123	0.75899	0.46892
1.3172	1.9368	0.85267
1.0116	0.0057305	0.89373
1.1631	1.3728	1.9135
0.40284	1.4443	1.6678
1.2662	1.4923	0.17125
0.69323	0.73815	0.084944
1.6907	0.37997	0.62778
0.62648	1.9139	1.159
1.4749	1.36	1.803
1.8538	1.2046	0.52125
0.10949	1.4395	0.88223
0.8763	1.4873	0.13556
1.9406	1.0894	1.3275
0.75756	1.7943	1.5571
0.6502	1.3376	1.8739
1.2602	1.0941	1.961
1.4599	1.2183	0.1393
1.4128	1.7657	1.4932
1.2664	1.9425	0.7981
1.4888	1.7198	0.50707
1.3968	0.48151	0.24255
0.96557	1.607	1.794
1.5988	0.57427	1.6784
1.0237	0.77596	1.9743
1.7111	1.4443	1.5449
1.9139	0.74515	0.68391
0.42115	0.31375	0.55955
0.34448	0.2732	0.79493
0.39106	0.2958	0.63491
1.1201	1.2287	0.03393
0.16502	0.58304	0.64091
0.88774	0.86182	0.015975
1.7903	0.48958	0.661
1.268	1.9062	0.67295
1.9307	0.65226	1.1136
1.0342	0.43289	0.17707
0.57363	1.6124	0.33433
0.47644	0.14985	1.0559
1.6893	0.28287	0.89731
1.7146	1.1286	1.6876
1.688	1.676	0.73613
1.4325	1.2479	1.8669
0.42116	1.1196	1.8066
0.44325	1.3806	1.7383
0.31359	1.6936	0.78162
0.16242	0.55958	1.3232
0.65064	1.6322	0.30842
0.44154	0.20955	1.2516
1.2114	1.6134	0.23902
1.5665	0.40064	0.43441
0.81064	0.87882	0.025599
0.40777	1.2189	0.22453
1.484	0.60067	1.7786
0.8746	1.9919	1.0225
1.4186	0.32937	1.6124
1.4355	0.12611	1.2159
0.69385	1.4031	1.8624
1.3176	1.9128	0.74343
1.2964	1.3534	1.8873
1.0635	0.0038856	0.93896
0.53372	1.649	0.39882
1.1303	0.64805	1.9269
1.3325	0.11445	1.3245
0.81437	0.092126	0.62409
1.4706	1.7917	1.3895
1.3871	1.9177	0.91114
1.6506	1.1075	0.24825
0.13193	1.2535	1.4268
0.7415	0.10089	0.64677
0.72351	0.062012	0.79087
0.15072	0.52935	1.2392
1.307	1.8269	0.52891
1.1284	0.89123	0.014259
0.78488	0.70499	1.931
0.87225	0.5717	0.10544
0.83949	0.21925	0.39612
0.6881	0.98037	0.050086
0.58374	0.47831	1.7447
0.049428	1.1894	0.75397
0.39141	1.2274	1.7602
1.9457	1.3156	1.0783
0.92019	0.043415	1.2803
1.388	1.7914	0.52771
0.59249	0.40272	0.30921
0.063653	1.3509	0.98851
1.3211	0.68744	0.10603
0.79816	1.5935	1.7791
1.4536	0.65071	0.18011
1.5629	1.2887	1.7744
0.25268	0.75611	1.6181
1.0853	1.9505	0.70112
1.1528	1.4194	0.10515
0.98355	0.7444	0.033356
0.69309	0.38843	0.27076
1.7008	0.80834	0.31291
0.5183	0.9079	1.8715
1.1199	0.81076	0.025421
1.226	0.20339	0.43935
0.0055375	0.89689	1.0203
1.8572	1.5087	1.0797
1.5204	0.6869	0.20558
0.44418	0.51695	0.32344
0.8478	0.029207	1.1855
0.37349	0.97263	1.7789
1.3646	0.086987	0.81713
1.56	0.21667	1.2698
0.65803	1.5707	0.25344
0.33423	0.57712	0.38525
0.3748	1.2997	1.7206
1.2595	0.41763	0.22961
1.2783	1.6379	0.28189
1.9116	0.98126	1.4107
0.98664	1.9146	0.59581
0.51302	1.5491	0.32081
1.3154	1.0481	1.9477
1.2384	1.488	1.8397
1.6257	0.4086	0.49129
0.020771	1.0806	0.81393
1.3447	1.586	0.26664
1.4418	0.43656	0.30192
1.5808	0.67521	1.7464
1.59	0.74867	1.7673
0.41867	1.6794	1.4478
1.6411	0.3232	0.63816
0.33211	0.2776	1.1791
0.36512	0.62759	0.32307
0.22229	0.76152	0.41837
0.4385	1.6532	1.508
0.69404	1.7167	1.6267
1.131	0.12144	1.4593
0.8413	0.23293	1.6216
0.54395	0.17842	0.65791
0.6329	0.10033	0.76373
0.50448	0.1427	0.86035
1.6102	0.97463	1.7919
0.41536	0.59317	0.29808
1.4436	1.8939	1.0649
1.7337	1.5474	1.4025
0.081012	1.0741	0.61274
0.44575	0.34802	0.48258
0.01934	0.95891	0.80864
1.8277	1.4138	0.62101
0.14752	1.129	0.4934
1.3189	0.84981	1.9358
0.92333	0.0057028	0.92587
1.6122	1.6948	1.3774
0.62202	0.44364	0.26001
0.0011934	1.0474	1.0119
0.53738	1.4951	0.26457
1.999	1.0412	0.98586
1.1829	0.41047	0.21324
1.7125	1.6072	1.3517
1.4059	0.24107	1.5092
0.14637	1.4994	0.85197
1.8156	1.5768	1.046
1.6794	0.86012	1.7203
0.022369	1.0336	1.2076
1.3463	0.066331	1.0912
0.97385	1.7136	0.29989
0.22873	1.6098	0.81752
0.39435	1.0053	0.20428
0.048148	0.82422	0.74885
1.1911	0.072311	1.3208
0.58763	1.9068	1.0877
0.54999	0.36452	1.6274
1.1096	0.015915	0.86015
1.8335	0.74813	1.4918
1.3366	0.076229	1.1826
1.3357	0.43827	0.24385
0.22641	1.6311	1.0573
0.029946	1.0211	0.75803
0.13361	0.8291	0.53079
1.3334	0.32126	0.34565
1.0566	0.36216	0.23192
0.94906	0.44938	1.8332
1.8394	0.66188	0.57448
1.8579	0.57195	0.71572
1.6178	1.717	0.677
0.18844	1.5834	0.96823
1.3619	0.60925	1.8464
1.6693	1.1897	0.28167
1.1256	0.72952	0.045502
1.7269	0.43912	0.60367
1.851	0.60731	0.6514
1.291	1.4298	1.8547
0.2271	1.0245	0.36594
0.50048	0.28217	1.485
0.36584	0.42233	1.5139
1.8715	0.51945	1.098
0.98554	0.98512	0.00021539
1.8352	0.45561	1.0782
0.88738	1.6092	1.785
1.0699	1.9508	1.3019
0.85967	1.5462	1.8258
1.8517	1.3194	1.4155
1.5511	1.4261	1.7174
1.1773	1.3539	0.081676
0.48197	1.2582	1.8155
0.62705	1.5031	0.22037
0.050905	0.69456	1.077
1.7277	1.3506	1.5894
1.6055	0.45844	1.5831
1.7454	0.53955	0.51794
1.4839	0.13835	1.1529
0.51327	0.72091	1.8278
1.6512	0.28435	1.2524
1.3551	0.79558	1.9122
0.41081	0.19341	1.0477
0.70803	1.8964	0.6664
0.93485	1.5396	1.8394
1.0415	0.16962	1.5557
1.1064	1.6538	1.7492
0.71483	0.58289	0.13704
0.66027	0.34756	0.32258
1.8401	1.5085	1.1887
1.6035	1.6529	1.4577
1.3047	1.7376	0.39737
1.229	1.3299	1.9158
1.7114	0.4711	1.4627
0.62129	0.32598	1.6342
0.92648	0.90537	1.9928
1.0036	0.56225	1.8991
1.6405	1.6347	0.5676
0.90557	0.23845	0.35881
1.3342	1.5031	0.20302
0.86385	0.49808	1.8541
1.0823	0.61829	0.079392
0.10684	1.2258	0.61107
1.5011	1.8648	0.96606
1.4233	1.8939	0.85273
0.63935	1.7298	0.41915
0.26162	0.32634	1.0313
1.371	0.39316	0.29708
1.0774	1.8533	0.48435
1.1962	0.15289	1.4939
1.4339	1.6478	0.3739
1.4124	1.8487	0.66886
1.6	0.39675	1.5254
1.2317	1.6285	1.7425
0.48106	0.39206	1.6009
1.7768	0.46236	1.328
0.83583	0.34209	0.26502
1.2239	1.938	0.73548
1.2825	1.8853	1.3693
1.5002	1.856	1.1305
0.32261	1.6265	0.61445
0.56237	1.437	1.7858
0.27214	1.6002	0.66843
1.7667	0.72075	0.42196
1.0001	1.8472	0.4687
1.3165	1.4245	0.15167
1.3962	0.50029	1.7703
0.16587	0.73448	1.4835
0.52067	1.8695	1.1196
0.71399	0.28893	0.35767
1.7707	1.3483	0.46643
0.43074	0.38432	1.5449
0.49435	1.8156	0.71881
1.3696	0.42843	1.7326
1.254	0.30456	0.32781
1.6755	1.4205	1.6057
1.5772	0.34509	0.51218
1.6079	1.7706	0.80868
0.26831	1.6358	0.75418
1.2048	0.62653	1.9047
1.756	0.63024	1.5401
0.39723	0.22312	1.182
1.1485	0.98343	1.9888
1.6064	1.6923	0.60886
0.46717	1.459	0.2891
1.0806	0.27152	1.6803
0.037621	1.2485	1.11
1.6167	1.7734	1.1466
0.62565	0.24008	0.46861
0.36524	1.1467	1.7587
1.7167	1.5075	1.4783
1.3652	1.3648	0.14353
1.8083	0.41486	0.93485
1.3612	0.67979	1.8758
1.9437	1.22	0.75315
1.0151	0.24645	1.6572
0.029478	0.76512	1.054
0.97737	0.027212	0.76941
1.2319	1.0066	0.027293
1.7716	1.6306	1.0832
0.35779	0.77337	1.7323
1.069	1.0149	1.9975
1.5356	0.22629	0.66166
0.73802	1.7596	0.40477
1.0873	0.51911	0.12757
1.6878	0.61509	0.38454
0.091446	1.4064	1.097
1.2923	1.5343	1.7932
0.19399	0.4887	1.2982
0.99492	0.96868	1.9995
1.1404	1.9302	1.3392
0.21236	1.3035	0.4638
1.5211	0.43845	1.6428
1.5862	0.21305	0.8074
1.9352	1.021	1.3534
1.7767	0.85106	1.6119
0.72477	0.95489	1.9603
0.30315	0.36391	0.66865
0.27054	0.34375	0.80706
1.2464	1.7164	0.34729
1.9029	1.4256	0.93902
0.0097312	0.87072	0.94847
1.3788	1.703	0.39806
0.30604	0.32272	1.2443
1.4473	0.44473	1.7011
0.98356	1.9953	0.90416
0.31657	0.41537	0.56281
1.852	0.74864	0.54066
0.46872	0.63333	0.23626
0.46715	0.45321	0.35417
0.59634	0.52801	0.21624
0.090731	0.63363	1.1975
1.4071	0.14042	1.3088
1.5706	1.5933	0.43214
1.8682	0.64449	1.3462
1.665	1.7033	1.2514
1.4341	0.65051	1.8303
0.50757	0.13207	0.9352
1.9907	1.1027	1.0895
0.69812	1.6632	1.6849
0.022874	0.85481	1.1554
1.1819	1.9007	1.3944
0.21096	0.84216	1.5937
0.16214	0.76079	0.50932
0.20499	0.44043	1.2342
0.53655	1.8843	0.94395
1.5932	0.26408	1.3265
0.78128	0.69857	0.071937
1.7031	0.37515	1.3394
0.85813	0.72189	0.049986
1.7931	0.81977	0.41821
1.3471	1.7422	1.5733
1.1655	1.8587	1.4851
0.0071596	1.0973	1.0692
1.0443	1.1084	0.006878
0.8997	0.17687	0.44107
0.77616	1.1582	0.038296
0.43792	1.5076	1.653
0.42232	0.89512	1.8095
0.1514	0.52371	0.76974
0.83514	0.44696	1.8167
0.23666	1.3412	1.5485
0.77278	1.9738	0.99527
0.55951	1.3739	0.18382
1.721	0.88146	0.31726
0.65658	1.4711	1.8125
1.9307	1.1473	0.66531
0.44507	1.5867	1.5898
1.579	1.2474	0.22312
1.3863	1.0075	1.9223
0.38367	1.5764	0.46345
1.6115	1.3465	1.7113
0.23554	1.1731	0.37901
1.3591	1.3012	1.8833
1.6705	1.7205	1.1768
0.86205	0.6441	0.075716
1.483	1.8688	0.89039
1.1814	1.0541	1.9819
0.080518	0.62367	1.1137
1.5322	0.86182	0.16473
0.35779	1.6037	1.4724
1.8661	0.50415	0.93681
0.6932	1.7806	0.45548
1.0279	1.8981	1.4389
0.36598	0.23428	1.1081
0.49023	0.70659	0.19127
1.0702	1.8	1.5959
0.32937	1.495	1.5525
0.50214	1.4124	0.23707
0.085459	1.2786	1.2932
0.65071	1.5392	1.7663
1.923	0.81969	0.66018
1.0569	1.9251	1.3755
1.7004	0.28673	0.97387
1.9989	0.963	0.97292
0.62833	1.3891	0.15712
0.50192	0.5672	1.7514
1.0253	1.0894	1.9957
0.23527	0.36714	0.87885
1.7756	1.6103	1.1613
0.74432	1.3437	1.9036
1.5347	1.8153	0.77787
1.0907	1.8887	0.55058
1.4623	1.1377	1.876
0.66364	0.12734	1.354
0.15668	0.89243	0.47346
0.54276	0.58915	0.21125
0.90885	1.9055	0.58554
0.14987	1.046	0.47545
1.0756	1.7087	1.7015
0.34655	1.4485	1.6098
1.4786	0.91547	0.12605
1.6236	0.22386	0.90672
0.30131	1.6915	1.1833
0.36593	1.3526	0.31177
0.83427	0.048105	1.2577
0.18174	0.81768	0.45482
0.3268	1.5225	0.47675
0.19139	1.0673	0.41551
1.9032	1.0717	1.4231
1.9037	0.96801	0.5731
0.69374	0.23501	0.43343
0.44932	0.16565	0.97522
1.105	0.41813	0.19353
1.9257	1.042	0.62407
1.8762	1.1725	1.4501
1.7818	0.77839	1.5829
1.5083	1.8597	1.0501
0.085501	0.68733	1.2568
1.9196	1.2285	0.68035
0.098487	0.72266	0.6678
0.20516	0.7021	0.47133
1.5155	0.67688	1.7936
1.068	1.808	0.41476
1.1086	1.0824	1.9907
0.97593	1.1833	0.01724
0.1637	0.48256	1.1813
0.51685	0.21964	0.60301
0.042933	1.2865	0.95582
1.7216	1.6808	1.1256
0.40084	0.46029	0.40863
0.18411	0.43239	0.8898
1.2869	0.15196	0.55441
0.73101	1.6066	1.7481
0.084552	0.9933	1.4024
1.2718	0.93489	0.039847
1.47	1.859	0.79684
1.8464	0.82595	0.49665
0.24488	1.1014	0.35229
0.68936	1.9262	1.2139
0.86588	0.16605	1.5353
1.9708	1.0725	0.77128
1.6722	0.97714	1.74
1.8206	1.5703	0.96298
0.16784	1.2351	1.5022
0.4696	0.20539	0.70458
0.67532	1.1906	1.9264
1.7646	0.49576	1.4014
0.73726	0.83548	0.049262
1.877	1.0225	1.48
0.59838	1.6252	1.6692
0.20142	1.4276	0.57645
1.6689	1.4204	0.38692
1.6587	0.43458	1.4965
1.1983	1.0752	0.022735
1.0192	1.9971	1.0737
0.76441	0.3419	1.7151
1.9167	1.3907	1.0843
1.416	0.36575	0.34833
0.0069551	0.94009	0.89864
0.16341	1.4007	1.3735
0.69671	0.18266	0.51014
