  1.00000000   0.00000000
  0.99452190   0.10452846
  0.97814760   0.20791169
  0.95105652   0.30901699
  0.91354546   0.40673664
  0.86602540   0.50000000
  0.80901699   0.58778525
  0.74314483   0.66913061
  0.66913061   0.74314483
  0.58778525   0.80901699
  0.50000000   0.86602540
  0.40673664   0.91354546
  0.30901699   0.95105652
  0.20791169   0.97814760
  0.10452846   0.99452190
  0.00000000   1.00000000
 -0.10452846   0.99452190
 -0.20791169   0.97814760
 -0.30901699   0.95105652
 -0.40673664   0.91354546
 -0.50000000   0.86602540
 -0.58778525   0.80901699
 -0.66913061   0.74314483
 -0.74314483   0.66913061
 -0.80901699   0.58778525
 -0.86602540   0.50000000
 -0.91354546   0.40673664
 -0.95105652   0.30901699
 -0.97814760   0.20791169
 -0.99452190   0.10452846
 -1.00000000   0.00000000
 -0.99452190  -0.10452846
 -0.97814760  -0.20791169
 -0.95105652  -0.30901699
 -0.91354546  -0.40673664
 -0.86602540  -0.50000000
 -0.80901699  -0.58778525
 -0.74314483  -0.66913061
 -0.66913061  -0.74314483
 -0.58778525  -0.80901699
 -0.50000000  -0.86602540
 -0.40673664  -0.91354546
 -0.30901699  -0.95105652
 -0.20791169  -0.97814760
 -0.10452846  -0.99452190
 -0.00000000  -1.00000000
  0.10452846  -0.99452190
  0.20791169  -0.97814760
  0.30901699  -0.95105652
  0.40673664  -0.91354546
  0.50000000  -0.86602540
  0.58778525  -0.80901699
  0.66913061  -0.74314483
  0.74314483  -0.66913061
  0.80901699  -0.58778525
  0.86602540  -0.50000000
  0.91354546  -0.40673664
  0.95105652  -0.30901699
  0.97814760  -0.20791169
  0.99452190  -0.10452846
  1.00000000  -0.00000000
