1	0	0
0.999756	0.000052	0
0.999023	0.000209	0
0.997802	0.000469	0
0.996095	0.000832	0
0.993903	0.001298	0
0.991228	0.001863	0
0.988072	0.002528	0
0.984438	0.003289	0
0.98033	0.004145	0
0.975752	0.005092	0
0.970707	0.006129	0
0.965201	0.007252	0
0.959238	0.008458	0
0.952825	0.009744	0
0.945966	0.011105	0
0.938669	0.012538	0
0.930941	0.014039	0
0.922788	0.015605	0
0.914218	0.01723	0
0.90524	0.01891	0
0.895862	0.020641	0
0.886092	0.022419	0
0.875941	0.024239	0
0.865417	0.026096	0
0.854532	0.027985	0
0.843294	0.029903	0
0.831716	0.031844	0
0.819807	0.033804	0
0.807581	0.035777	0
0.795047	0.03776	0
0.782219	0.039747	0
0.769109	0.041734	0
0.75573	0.043716	0
0.742094	0.045689	0
0.728216	0.047648	0
0.714107	0.049588	0
0.699783	0.051505	0
0.685258	0.053394	0
0.670545	0.055251	0
0.655659	0.057071	0
0.640614	0.05885	0
0.625426	0.060584	0
0.61011	0.062268	0
0.59468	0.063897	0
0.579153	0.065468	0
0.563542	0.066977	0
0.547865	0.068418	0
0.532136	0.069789	0
0.516372	0.071085	0
0.500587	0.072303	0
0.484799	0.073438	0
0.469022	0.074486	0
0.453273	0.075446	0
0.437567	0.076312	0
0.421921	0.077082	0
0.40635	0.077752	0
0.390796	0.078315	0
0.375297	0.078743	0
0.35992	0.079032	0
0.34468	0.07918	0
0.329594	0.079186	0
0.314678	0.079051	0
0.299948	0.078773	0
0.285418	0.078355	0
0.271106	0.077795	0
0.257025	0.077096	0
0.243191	0.076259	0
0.229618	0.075287	0
0.216321	0.074181	0
0.203313	0.072945	0
0.190609	0.071582	0
0.178222	0.070096	0
0.166164	0.06849	0
0.154449	0.06677	0
0.143089	0.06494	0
0.132094	0.063005	0
0.121477	0.06097	0
0.111248	0.058842	0
0.101418	0.056625	0
0.091996	0.054325	0
0.082992	0.05195	0
0.074415	0.049504	0
0.066273	0.046994	0
0.058573	0.044427	0
0.051324	0.041808	0
0.044532	0.039144	0
0.038203	0.036441	0
0.032343	0.033704	0
0.026958	0.030939	0
0.022051	0.028152	0
0.017628	0.025348	0
0.013692	0.022531	0
0.010245	0.019707	0
0.007292	0.016878	0
0.004833	0.014049	0
0.00287	0.011224	0
0.001405	0.008404	0
0.000439	0.005592	0
-0.00003	0.00279	0
0	0	0
0.000523	-0.002741	0
0.001535	-0.005395	0
0.003033	-0.007961	0
0.005015	-0.010439	0
0.007479	-0.012828	0
0.010421	-0.015126	0
0.013838	-0.017334	0
0.017725	-0.019451	0
0.022078	-0.021476	0
0.026892	-0.023408	0
0.032161	-0.025246	0
0.03788	-0.02699	0
0.044042	-0.028639	0
0.050641	-0.030193	0
0.057669	-0.031651	0
0.06512	-0.033014	0
0.072985	-0.03428	0
0.081257	-0.035451	0
0.089927	-0.036527	0
0.098987	-0.037507	0
0.108427	-0.038392	0
0.118239	-0.039185	0
0.128412	-0.039884	0
0.138937	-0.040493	0
0.149805	-0.041012	0
0.161004	-0.041444	0
0.172524	-0.041791	0
0.184354	-0.042054	0
0.196484	-0.042238	0
0.208902	-0.042343	0
0.221596	-0.042375	0
0.234555	-0.042335	0
0.247768	-0.042228	0
0.261221	-0.042058	0
0.274904	-0.041827	0
0.288802	-0.041541	0
0.302904	-0.041203	0
0.317197	-0.040817	0
0.331668	-0.040389	0
0.346303	-0.039923	0
0.361089	-0.039422	0
0.376013	-0.038892	0
0.391061	-0.038336	0
0.406269	-0.037757	0
0.421645	-0.037134	0
0.437099	-0.036467	0
0.452619	-0.035757	0
0.468187	-0.035009	0
0.48379	-0.034227	0
0.499413	-0.033414	0
0.515039	-0.032573	0
0.530654	-0.031708	0
0.546243	-0.030821	0
0.561791	-0.029917	0
0.577282	-0.028997	0
0.592701	-0.028066	0
0.608033	-0.027125	0
0.623264	-0.026176	0
0.638377	-0.025224	0
0.653358	-0.024269	0
0.668193	-0.023313	0
0.682867	-0.02236	0
0.697364	-0.02141	0
0.711672	-0.020466	0
0.725775	-0.019529	0
0.739659	-0.0186	0
0.753311	-0.017681	0
0.766718	-0.016774	0
0.779864	-0.01588	0
0.792738	-0.014999	0
0.805327	-0.014133	0
0.817617	-0.013284	0
0.829596	-0.012451	0
0.841253	-0.011637	0
0.852575	-0.010842	0
0.863551	-0.010068	0
0.87417	-0.009314	0
0.884421	-0.008583	0
0.894293	-0.007875	0
0.903777	-0.007191	0
0.912862	-0.006532	0
0.92154	-0.0059	0
0.929801	-0.005294	0
0.937637	-0.004717	0
0.94504	-0.004169	0
0.952002	-0.00365	0
0.958516	-0.003163	0
0.964576	-0.002708	0
0.970174	-0.002285	0
0.975305	-0.001896	0
0.979964	-0.001541	0
0.984145	-0.001222	0
0.987845	-0.000938	0
0.99106	-0.000691	0
0.993785	-0.000481	0
0.99602	-0.000308	0
0.99776	-0.000174	0
0.999004	-0.000077	0
0.999751	-0.000019	0
