1	0	0
0.984807753	0.173648178	0
0.939692621	0.342020143	0
0.866025404	0.5	0
0.766044443	0.64278761	0
0.64278761	0.766044443	0
0.5	0.866025404	0
0.342020143	0.939692621	0
0.173648178	0.984807753	0
6.12574E-17	1	0
-0.173648178	0.984807753	0
-0.342020143	0.939692621	0
-0.5	0.866025404	0
-0.64278761	0.766044443	0
-0.766044443	0.64278761	0
-0.866025404	0.5	0
-0.939692621	0.342020143	0
-0.984807753	0.173648178	0
-1	1.22515E-16	0
-0.984807753	-0.173648178	0
-0.939692621	-0.342020143	0
-0.866025404	-0.5	0
-0.766044443	-0.64278761	0
-0.64278761	-0.766044443	0
-0.5	-0.866025404	0
-0.342020143	-0.939692621	0
-0.173648178	-0.984807753	0
-1.83772E-16	-1	0
0.173648178	-0.984807753	0
0.342020143	-0.939692621	0
0.5	-0.866025404	0
0.64278761	-0.766044443	0
0.766044443	-0.64278761	0
0.866025404	-0.5	0
0.939692621	-0.342020143	0
0.984807753	-0.173648178	0
