0	0.250625	0	-0.001001252	0	0
0	0.251875	0	0.001000751	0	0
0	0.253125	0	0.003000748	0	0
0	0.254375	0	0.004998742	0	0
0	0.255625	0	0.006994732	0	0
0	0.256875	0	0.008988718	0	0
0	0.258125	0	0.0109807	0	0
0	0.259375	0	0.012970678	0	0
0	0.260625	0	0.014958652	0	0
0	0.261875	0	0.016944622	0	0
0	0.263125	0	0.018928588	0	0
0	0.264375	0	0.02091055	0	0
0	0.265625	0	0.022890508	0	0
0	0.266875	0	0.024868462	0	0
0	0.268125	0	0.026844412	0	0
0	0.269375	0	0.028818358	0	0
0	0.270625	0	0.0307903	0	0
0	0.271875	0	0.032760238	0	0
0	0.273125	0	0.034728172	0	0
0	0.274375	0	0.036694102	0	0
0	0.275625	0	0.038658027	0	0
0	0.276875	0	0.040619949	0	0
0	0.278125	0	0.042579867	0	0
0	0.279375	0	0.044537781	0	0
0	0.280625	0	0.046493691	0	0
0	0.281875	0	0.048447597	0	0
0	0.283125	0	0.050399499	0	0
0	0.284375	0	0.052349396	0	0
0	0.285625	0	0.05429729	0	0
0	0.286875	0	0.05624318	0	0
0	0.288125	0	0.058187066	0	0
0	0.289375	0	0.060128948	0	0
0	0.290625	0	0.062068826	0	0
0	0.291875	0	0.064006699	0	0
0	0.293125	0	0.065942569	0	0
0	0.294375	0	0.067876435	0	0
0	0.295625	0	0.069808297	0	0
0	0.296875	0	0.071738155	0	0
0	0.298125	0	0.073666008	0	0
0	0.299375	0	0.075591858	0	0
0	0.300625	0	0.077515704	0	0
0	0.301875	0	0.079437546	0	0
0	0.303125	0	0.081357383	0	0
0	0.304375	0	0.083275217	0	0
0	0.305625	0	0.085191047	0	0
0	0.306875	0	0.087104873	0	0
0	0.308125	0	0.089016694	0	0
0	0.309375	0	0.090926512	0	0
0	0.310625	0	0.092834326	0	0
0	0.311875	0	0.094740136	0	0
0	0.313125	0	0.096643941	0	0
0	0.314375	0	0.098545743	0	0
0	0.315625	0	0.100445541	0	0
0	0.316875	0	0.102343334	0	0
0	0.318125	0	0.104239124	0	0
0	0.319375	0	0.10613291	0	0
0	0.320625	0	0.108024691	0	0
0	0.321875	0	0.109914469	0	0
0	0.323125	0	0.111802243	0	0
0	0.324375	0	0.113688012	0	0
0	0.325625	0	0.115571778	0	0
0	0.326875	0	0.11745354	0	0
0	0.328125	0	0.119333297	0	0
0	0.329375	0	0.121211051	0	0
0	0.330625	0	0.123086801	0	0
0	0.331875	0	0.124960546	0	0
0	0.333125	0	0.126832288	0	0
0	0.334375	0	0.128702025	0	0
0	0.335625	0	0.130569759	0	0
0	0.336875	0	0.132435489	0	0
0	0.338125	0	0.134299214	0	0
0	0.339375	0	0.136160936	0	0
0	0.340625	0	0.138020653	0	0
0	0.341875	0	0.139878367	0	0
0	0.343125	0	0.141734076	0	0
0	0.344375	0	0.143587782	0	0
0	0.345625	0	0.145439484	0	0
0	0.346875	0	0.147289181	0	0
0	0.348125	0	0.149136875	0	0
0	0.349375	0	0.150982564	0	0
0	0.350625	0	0.15282625	0	0
0	0.351875	0	0.154667931	0	0
0	0.353125	0	0.156507609	0	0
0	0.354375	0	0.158345282	0	0
0	0.355625	0	0.160180952	0	0
0	0.356875	0	0.162014617	0	0
0	0.358125	0	0.163846279	0	0
0	0.359375	0	0.165675936	0	0
0	0.360625	0	0.16750359	0	0
0	0.361875	0	0.169329239	0	0
0	0.363125	0	0.171152885	0	0
0	0.364375	0	0.172974526	0	0
0	0.365625	0	0.174794164	0	0
0	0.366875	0	0.176611797	0	0
0	0.368125	0	0.178427426	0	0
0	0.369375	0	0.180241052	0	0
0	0.370625	0	0.182052673	0	0
0	0.371875	0	0.183862291	0	0
0	0.373125	0	0.185669904	0	0
0	0.374375	0	0.187475514	0	0
0	0.375625	0	0.189279119	0	0
0	0.376875	0	0.19108072	0	0
0	0.378125	0	0.192880318	0	0
0	0.379375	0	0.194677911	0	0
0	0.380625	0	0.196473501	0	0
0	0.381875	0	0.198267086	0	0
0	0.383125	0	0.200058667	0	0
0	0.384375	0	0.201848245	0	0
0	0.385625	0	0.203635818	0	0
0	0.386875	0	0.205421387	0	0
0	0.388125	0	0.207204953	0	0
0	0.389375	0	0.208986514	0	0
0	0.390625	0	0.210766071	0	0
0	0.391875	0	0.212543625	0	0
0	0.393125	0	0.214319174	0	0
0	0.394375	0	0.216092719	0	0
0	0.395625	0	0.217864261	0	0
0	0.396875	0	0.219633798	0	0
0	0.398125	0	0.221401331	0	0
0	0.399375	0	0.223166861	0	0
0	0.400625	0	0.224930386	0	0
0	0.401875	0	0.226691907	0	0
0	0.403125	0	0.228451424	0	0
0	0.404375	0	0.230208938	0	0
0	0.405625	0	0.231964447	0	0
0	0.406875	0	0.233717952	0	0
0	0.408125	0	0.235469453	0	0
0	0.409375	0	0.237218951	0	0
0	0.410625	0	0.238966444	0	0
0	0.411875	0	0.240711933	0	0
0	0.413125	0	0.242455418	0	0
0	0.414375	0	0.2441969	0	0
0	0.415625	0	0.245936377	0	0
0	0.416875	0	0.24767385	0	0
0	0.418125	0	0.249409319	0	0
0	0.419375	0	0.251142784	0	0
0	0.420625	0	0.252874246	0	0
0	0.421875	0	0.254603703	0	0
0	0.423125	0	0.256331156	0	0
0	0.424375	0	0.258056605	0	0
0	0.425625	0	0.25978005	0	0
0	0.426875	0	0.261501491	0	0
0	0.428125	0	0.263220929	0	0
0	0.429375	0	0.264938362	0	0
0	0.430625	0	0.266653791	0	0
0	0.431875	0	0.268367216	0	0
0	0.433125	0	0.270078637	0	0
0	0.434375	0	0.271788054	0	0
0	0.435625	0	0.273495467	0	0
0	0.436875	0	0.275200877	0	0
0	0.438125	0	0.276904282	0	0
0	0.439375	0	0.278605683	0	0
0	0.440625	0	0.28030508	0	0
0	0.441875	0	0.282002473	0	0
0	0.443125	0	0.283697862	0	0
0	0.444375	0	0.285391247	0	0
0	0.445625	0	0.287082628	0	0
0	0.446875	0	0.288772005	0	0
0	0.448125	0	0.290459378	0	0
0	0.449375	0	0.292144747	0	0
0	0.450625	0	0.293828112	0	0
0	0.451875	0	0.295509473	0	0
0	0.453125	0	0.29718883	0	0
0	0.454375	0	0.298866184	0	0
0	0.455625	0	0.300541533	0	0
0	0.456875	0	0.302214878	0	0
0	0.458125	0	0.303886219	0	0
0	0.459375	0	0.305555556	0	0
0	0.460625	0	0.307222889	0	0
0	0.461875	0	0.308888218	0	0
0	0.463125	0	0.310551543	0	0
0	0.464375	0	0.312212864	0	0
0	0.465625	0	0.31387218	0	0
0	0.466875	0	0.315529493	0	0
0	0.468125	0	0.317184802	0	0
0	0.469375	0	0.318838107	0	0
0	0.470625	0	0.320489408	0	0
0	0.471875	0	0.322138705	0	0
0	0.473125	0	0.323785998	0	0
0	0.474375	0	0.325431287	0	0
0	0.475625	0	0.327074572	0	0
0	0.476875	0	0.328715853	0	0
0	0.478125	0	0.33035513	0	0
0	0.479375	0	0.331992403	0	0
0	0.480625	0	0.333627672	0	0
0	0.481875	0	0.335260937	0	0
0	0.483125	0	0.336892198	0	0
0	0.484375	0	0.338521454	0	0
0	0.485625	0	0.340148707	0	0
0	0.486875	0	0.341773956	0	0
0	0.488125	0	0.343397201	0	0
0	0.489375	0	0.345018442	0	0
0	0.490625	0	0.346637679	0	0
0	0.491875	0	0.348254912	0	0
0	0.493125	0	0.34987014	0	0
0	0.494375	0	0.351483365	0	0
0	0.495625	0	0.353094586	0	0
0	0.496875	0	0.354703803	0	0
0	0.498125	0	0.356311016	0	0
0	0.499375	0	0.357916225	0	0
0	0.500625	0	0.359519429	0	0
0	0.501875	0	0.36112063	0	0
0	0.503125	0	0.362719827	0	0
0	0.504375	0	0.36431702	0	0
0	0.505625	0	0.365912209	0	0
0	0.506875	0	0.367505393	0	0
0	0.508125	0	0.369096574	0	0
0	0.509375	0	0.370685751	0	0
0	0.510625	0	0.372272924	0	0
0	0.511875	0	0.373858092	0	0
0	0.513125	0	0.375441257	0	0
0	0.514375	0	0.377022418	0	0
0	0.515625	0	0.378601575	0	0
0	0.516875	0	0.380178727	0	0
0	0.518125	0	0.381753876	0	0
0	0.519375	0	0.383327021	0	0
0	0.520625	0	0.384898161	0	0
0	0.521875	0	0.386467298	0	0
0	0.523125	0	0.388034431	0	0
0	0.524375	0	0.38959956	0	0
0	0.525625	0	0.391162684	0	0
0	0.526875	0	0.392723805	0	0
0	0.528125	0	0.394282922	0	0
0	0.529375	0	0.395840034	0	0
0	0.530625	0	0.397395143	0	0
0	0.531875	0	0.398948248	0	0
0	0.533125	0	0.400499348	0	0
0	0.534375	0	0.402048445	0	0
0	0.535625	0	0.403595537	0	0
0	0.536875	0	0.405140626	0	0
0	0.538125	0	0.406683711	0	0
0	0.539375	0	0.408224791	0	0
0	0.540625	0	0.409763868	0	0
0	0.541875	0	0.411300941	0	0
0	0.543125	0	0.412836009	0	0
0	0.544375	0	0.414369074	0	0
0	0.545625	0	0.415900134	0	0
0	0.546875	0	0.417429191	0	0
0	0.548125	0	0.418956244	0	0
0	0.549375	0	0.420481292	0	0
0	0.550625	0	0.422004337	0	0
0	0.551875	0	0.423525377	0	0
0	0.553125	0	0.425044414	0	0
0	0.554375	0	0.426561446	0	0
0	0.555625	0	0.428076475	0	0
0	0.556875	0	0.429589499	0	0
0	0.558125	0	0.43110052	0	0
0	0.559375	0	0.432609536	0	0
0	0.560625	0	0.434116549	0	0
0	0.561875	0	0.435621557	0	0
0	0.563125	0	0.437124562	0	0
0	0.564375	0	0.438625562	0	0
0	0.565625	0	0.440124559	0	0
0	0.566875	0	0.441621551	0	0
0	0.568125	0	0.44311654	0	0
0	0.569375	0	0.444609524	0	0
0	0.570625	0	0.446100505	0	0
0	0.571875	0	0.447589481	0	0
0	0.573125	0	0.449076454	0	0
0	0.574375	0	0.450561422	0	0
0	0.575625	0	0.452044387	0	0
0	0.576875	0	0.453525347	0	0
0	0.578125	0	0.455004304	0	0
0	0.579375	0	0.456481256	0	0
0	0.580625	0	0.457956204	0	0
0	0.581875	0	0.459429149	0	0
0	0.583125	0	0.460900089	0	0
0	0.584375	0	0.462369026	0	0
0	0.585625	0	0.463835958	0	0
0	0.586875	0	0.465300886	0	0
0	0.588125	0	0.466763811	0	0
0	0.589375	0	0.468224731	0	0
0	0.590625	0	0.469683648	0	0
0	0.591875	0	0.47114056	0	0
0	0.593125	0	0.472595468	0	0
0	0.594375	0	0.474048373	0	0
0	0.595625	0	0.475499273	0	0
0	0.596875	0	0.476948169	0	0
0	0.598125	0	0.478395062	0	0
0	0.599375	0	0.47983995	0	0
0	0.600625	0	0.481282834	0	0
0	0.601875	0	0.482723715	0	0
0	0.603125	0	0.484162591	0	0
0	0.604375	0	0.485599463	0	0
0	0.605625	0	0.487034332	0	0
0	0.606875	0	0.488467196	0	0
0	0.608125	0	0.489898056	0	0
0	0.609375	0	0.491326912	0	0
0	0.610625	0	0.492753765	0	0
0	0.611875	0	0.494178613	0	0
0	0.613125	0	0.495601457	0	0
0	0.614375	0	0.497022298	0	0
0	0.615625	0	0.498441134	0	0
0	0.616875	0	0.499857966	0	0
0	0.618125	0	0.501272794	0	0
0	0.619375	0	0.502685619	0	0
0	0.620625	0	0.504096439	0	0
0	0.621875	0	0.505505255	0	0
0	0.623125	0	0.506912067	0	0
0	0.624375	0	0.508316875	0	0
0	0.625625	0	0.50971968	0	0
0	0.626875	0	0.51112048	0	0
0	0.628125	0	0.512519276	0	0
0	0.629375	0	0.513916068	0	0
0	0.630625	0	0.515310856	0	0
0	0.631875	0	0.516703641	0	0
0	0.633125	0	0.518094421	0	0
0	0.634375	0	0.519483197	0	0
0	0.635625	0	0.520869969	0	0
0	0.636875	0	0.522254737	0	0
0	0.638125	0	0.523637501	0	0
0	0.639375	0	0.525018262	0	0
0	0.640625	0	0.526397018	0	0
0	0.641875	0	0.52777377	0	0
0	0.643125	0	0.529148518	0	0
0	0.644375	0	0.530521262	0	0
0	0.645625	0	0.531892002	0	0
0	0.646875	0	0.533260738	0	0
0	0.648125	0	0.53462747	0	0
0	0.649375	0	0.535992198	0	0
0	0.650625	0	0.537354922	0	0
0	0.651875	0	0.538715643	0	0
0	0.653125	0	0.540074359	0	0
0	0.654375	0	0.541431071	0	0
0	0.655625	0	0.542785779	0	0
0	0.656875	0	0.544138483	0	0
0	0.658125	0	0.545489183	0	0
0	0.659375	0	0.546837879	0	0
0	0.660625	0	0.548184571	0	0
0	0.661875	0	0.549529259	0	0
0	0.663125	0	0.550871943	0	0
0	0.664375	0	0.552212623	0	0
0	0.665625	0	0.553551299	0	0
0	0.666875	0	0.554887971	0	0
0	0.668125	0	0.556222639	0	0
0	0.669375	0	0.557555303	0	0
0	0.670625	0	0.558885963	0	0
0	0.671875	0	0.560214619	0	0
0	0.673125	0	0.561541271	0	0
0	0.674375	0	0.562865919	0	0
0	0.675625	0	0.564188563	0	0
0	0.676875	0	0.565509203	0	0
0	0.678125	0	0.566827839	0	0
0	0.679375	0	0.568144471	0	0
0	0.680625	0	0.569459099	0	0
0	0.681875	0	0.570771723	0	0
0	0.683125	0	0.572082343	0	0
0	0.684375	0	0.573390959	0	0
0	0.685625	0	0.57469757	0	0
0	0.686875	0	0.576002178	0	0
0	0.688125	0	0.577304782	0	0
0	0.689375	0	0.578605382	0	0
0	0.690625	0	0.579903978	0	0
0	0.691875	0	0.58120057	0	0
0	0.693125	0	0.582495158	0	0
0	0.694375	0	0.583787742	0	0
0	0.695625	0	0.585078322	0	0
0	0.696875	0	0.586366897	0	0
0	0.698125	0	0.587653469	0	0
0	0.699375	0	0.588938037	0	0
0	0.700625	0	0.590220601	0	0
0	0.701875	0	0.591501161	0	0
0	0.703125	0	0.592779717	0	0
0	0.704375	0	0.594056268	0	0
0	0.705625	0	0.595330816	0	0
0	0.706875	0	0.59660336	0	0
0	0.708125	0	0.5978739	0	0
0	0.709375	0	0.599142436	0	0
0	0.710625	0	0.600408968	0	0
0	0.711875	0	0.601673495	0	0
0	0.713125	0	0.602936019	0	0
0	0.714375	0	0.604196539	0	0
0	0.715625	0	0.605455055	0	0
0	0.716875	0	0.606711566	0	0
0	0.718125	0	0.607966074	0	0
0	0.719375	0	0.609218578	0	0
0	0.720625	0	0.610469078	0	0
0	0.721875	0	0.611717573	0	0
0	0.723125	0	0.612964065	0	0
0	0.724375	0	0.614208553	0	0
0	0.725625	0	0.615451037	0	0
0	0.726875	0	0.616691516	0	0
0	0.728125	0	0.617929992	0	0
0	0.729375	0	0.619166464	0	0
0	0.730625	0	0.620400931	0	0
0	0.731875	0	0.621633395	0	0
0	0.733125	0	0.622863855	0	0
0	0.734375	0	0.624092311	0	0
0	0.735625	0	0.625318762	0	0
0	0.736875	0	0.62654321	0	0
0	0.738125	0	0.627765654	0	0
0	0.739375	0	0.628986093	0	0
0	0.740625	0	0.630204529	0	0
0	0.741875	0	0.631420961	0	0
0	0.743125	0	0.632635388	0	0
0	0.744375	0	0.633847812	0	0
0	0.745625	0	0.635058231	0	0
0	0.746875	0	0.636266647	0	0
0	0.748125	0	0.637473059	0	0
0	0.749375	0	0.638677466	0	0
0	0.750625	0	0.63987987	0	0
0	0.751875	0	0.641080269	0	0
0	0.753125	0	0.642278665	0	0
0	0.754375	0	0.643475057	0	0
0	0.755625	0	0.644669444	0	0
0	0.756875	0	0.645861828	0	0
0	0.758125	0	0.647052207	0	0
0	0.759375	0	0.648240583	0	0
0	0.760625	0	0.649426954	0	0
0	0.761875	0	0.650611322	0	0
0	0.763125	0	0.651793686	0	0
0	0.764375	0	0.652974045	0	0
0	0.765625	0	0.654152401	0	0
0	0.766875	0	0.655328752	0	0
0	0.768125	0	0.6565031	0	0
0	0.769375	0	0.657675443	0	0
0	0.770625	0	0.658845783	0	0
0	0.771875	0	0.660014118	0	0
0	0.773125	0	0.66118045	0	0
0	0.774375	0	0.662344777	0	0
0	0.775625	0	0.663507101	0	0
0	0.776875	0	0.66466742	0	0
0	0.778125	0	0.665825736	0	0
0	0.779375	0	0.666982047	0	0
0	0.780625	0	0.668136355	0	0
0	0.781875	0	0.669288658	0	0
0	0.783125	0	0.670438957	0	0
0	0.784375	0	0.671587253	0	0
0	0.785625	0	0.672733544	0	0
0	0.786875	0	0.673877832	0	0
0	0.788125	0	0.675020115	0	0
0	0.789375	0	0.676160395	0	0
0	0.790625	0	0.67729867	0	0
0	0.791875	0	0.678434941	0	0
0	0.793125	0	0.679569209	0	0
0	0.794375	0	0.680701472	0	0
0	0.795625	0	0.681831732	0	0
0	0.796875	0	0.682959987	0	0
0	0.798125	0	0.684086238	0	0
0	0.799375	0	0.685210486	0	0
0	0.800625	0	0.686332729	0	0
0	0.801875	0	0.687452968	0	0
0	0.803125	0	0.688571204	0	0
0	0.804375	0	0.689687435	0	0
0	0.805625	0	0.690801663	0	0
0	0.806875	0	0.691913886	0	0
0	0.808125	0	0.693024105	0	0
0	0.809375	0	0.694132321	0	0
0	0.810625	0	0.695238532	0	0
0	0.811875	0	0.696342739	0	0
0	0.813125	0	0.697444942	0	0
0	0.814375	0	0.698545142	0	0
0	0.815625	0	0.699643337	0	0
0	0.816875	0	0.700739528	0	0
0	0.818125	0	0.701833716	0	0
0	0.819375	0	0.702925899	0	0
0	0.820625	0	0.704016078	0	0
0	0.821875	0	0.705104253	0	0
0	0.823125	0	0.706190425	0	0
0	0.824375	0	0.707274592	0	0
0	0.825625	0	0.708356755	0	0
0	0.826875	0	0.709436914	0	0
0	0.828125	0	0.71051507	0	0
0	0.829375	0	0.711591221	0	0
0	0.830625	0	0.712665368	0	0
0	0.831875	0	0.713737511	0	0
0	0.833125	0	0.71480765	0	0
0	0.834375	0	0.715875786	0	0
0	0.835625	0	0.716941917	0	0
0	0.836875	0	0.718006044	0	0
0	0.838125	0	0.719068167	0	0
0	0.839375	0	0.720128286	0	0
0	0.840625	0	0.721186402	0	0
0	0.841875	0	0.722242513	0	0
0	0.843125	0	0.72329662	0	0
0	0.844375	0	0.724348723	0	0
0	0.845625	0	0.725398822	0	0
0	0.846875	0	0.726446917	0	0
0	0.848125	0	0.727493009	0	0
0	0.849375	0	0.728537096	0	0
0	0.850625	0	0.729579179	0	0
0	0.851875	0	0.730619258	0	0
0	0.853125	0	0.731657333	0	0
0	0.854375	0	0.732693404	0	0
0	0.855625	0	0.733727471	0	0
0	0.856875	0	0.734759534	0	0
0	0.858125	0	0.735789593	0	0
0	0.859375	0	0.736817648	0	0
0	0.860625	0	0.7378437	0	0
0	0.861875	0	0.738867747	0	0
0	0.863125	0	0.73988979	0	0
0	0.864375	0	0.740909829	0	0
0	0.865625	0	0.741927864	0	0
0	0.866875	0	0.742943895	0	0
0	0.868125	0	0.743957922	0	0
0	0.869375	0	0.744969945	0	0
0	0.870625	0	0.745979964	0	0
0	0.871875	0	0.746987979	0	0
0	0.873125	0	0.74799399	0	0
0	0.874375	0	0.748997997	0	0
0	0.875625	0	0.75	0	0
0	0.876875	0	0.750999999	0	0
0	0.878125	0	0.751997994	0	0
0	0.879375	0	0.752993985	0	0
0	0.880625	0	0.753987972	0	0
0	0.881875	0	0.754979955	0	0
0	0.883125	0	0.755969934	0	0
0	0.884375	0	0.756957909	0	0
0	0.885625	0	0.75794388	0	0
0	0.886875	0	0.758927847	0	0
0	0.888125	0	0.75990981	0	0
0	0.889375	0	0.760889769	0	0
0	0.890625	0	0.761867724	0	0
0	0.891875	0	0.762843675	0	0
0	0.893125	0	0.763817621	0	0
0	0.894375	0	0.764789564	0	0
0	0.895625	0	0.765759503	0	0
0	0.896875	0	0.766727438	0	0
0	0.898125	0	0.767693369	0	0
0	0.899375	0	0.768657296	0	0
0	0.900625	0	0.769619219	0	0
0	0.901875	0	0.770579138	0	0
0	0.903125	0	0.771537053	0	0
0	0.904375	0	0.772492963	0	0
0	0.905625	0	0.77344687	0	0
0	0.906875	0	0.774398773	0	0
0	0.908125	0	0.775348672	0	0
0	0.909375	0	0.776296567	0	0
0	0.910625	0	0.777242458	0	0
0	0.911875	0	0.778186345	0	0
0	0.913125	0	0.779128227	0	0
0	0.914375	0	0.780068106	0	0
0	0.915625	0	0.781005981	0	0
0	0.916875	0	0.781941852	0	0
0	0.918125	0	0.782875719	0	0
0	0.919375	0	0.783807581	0	0
0	0.920625	0	0.78473744	0	0
0	0.921875	0	0.785665295	0	0
0	0.923125	0	0.786591146	0	0
0	0.924375	0	0.787514992	0	0
0	0.925625	0	0.788436835	0	0
0	0.926875	0	0.789356674	0	0
0	0.928125	0	0.790274509	0	0
0	0.929375	0	0.791190339	0	0
0	0.930625	0	0.792104166	0	0
0	0.931875	0	0.793015989	0	0
0	0.933125	0	0.793925808	0	0
0	0.934375	0	0.794833622	0	0
0	0.935625	0	0.795739433	0	0
0	0.936875	0	0.79664324	0	0
0	0.938125	0	0.797545043	0	0
0	0.939375	0	0.798444841	0	0
0	0.940625	0	0.799342636	0	0
0	0.941875	0	0.800238427	0	0
0	0.943125	0	0.801132213	0	0
0	0.944375	0	0.802023996	0	0
0	0.945625	0	0.802913775	0	0
0	0.946875	0	0.803801549	0	0
0	0.948125	0	0.80468732	0	0
0	0.949375	0	0.805571087	0	0
0	0.950625	0	0.806452849	0	0
0	0.951875	0	0.807332608	0	0
0	0.953125	0	0.808210363	0	0
0	0.954375	0	0.809086113	0	0
0	0.955625	0	0.80995986	0	0
0	0.956875	0	0.810831602	0	0
0	0.958125	0	0.811701341	0	0
0	0.959375	0	0.812569076	0	0
0	0.960625	0	0.813434806	0	0
0	0.961875	0	0.814298533	0	0
0	0.963125	0	0.815160255	0	0
0	0.964375	0	0.816019974	0	0
0	0.965625	0	0.816877688	0	0
0	0.966875	0	0.817733399	0	0
0	0.968125	0	0.818587106	0	0
0	0.969375	0	0.819438808	0	0
0	0.970625	0	0.820288507	0	0
0	0.971875	0	0.821136201	0	0
0	0.973125	0	0.821981892	0	0
0	0.974375	0	0.822825578	0	0
0	0.975625	0	0.823667261	0	0
0	0.976875	0	0.824506939	0	0
0	0.978125	0	0.825344614	0	0
0	0.979375	0	0.826180284	0	0
0	0.980625	0	0.827013951	0	0
0	0.981875	0	0.827845613	0	0
0	0.983125	0	0.828675272	0	0
0	0.984375	0	0.829502926	0	0
0	0.985625	0	0.830328577	0	0
0	0.986875	0	0.831152223	0	0
0	0.988125	0	0.831973866	0	0
0	0.989375	0	0.832793504	0	0
0	0.990625	0	0.833611139	0	0
0	0.991875	0	0.834426769	0	0
0	0.993125	0	0.835240396	0	0
0	0.994375	0	0.836052018	0	0
0	0.995625	0	0.836861636	0	0
0	0.996875	0	0.837669251	0	0
0	0.998125	0	0.838474861	0	0
0	0.999375	0	0.839278468	0	0
0	1.000625	0	0.84008007	0	0
0	1.001875	0	0.840879668	0	0
0	1.003125	0	0.841677263	0	0
0	1.004375	0	0.842472853	0	0
0	1.005625	0	0.84326644	0	0
0	1.006875	0	0.844058022	0	0
0	1.008125	0	0.8448476	0	0
0	1.009375	0	0.845635175	0	0
0	1.010625	0	0.846420745	0	0
0	1.011875	0	0.847204311	0	0
0	1.013125	0	0.847985874	0	0
0	1.014375	0	0.848765432	0	0
0	1.015625	0	0.849542986	0	0
0	1.016875	0	0.850318537	0	0
0	1.018125	0	0.851092083	0	0
0	1.019375	0	0.851863625	0	0
0	1.020625	0	0.852633164	0	0
0	1.021875	0	0.853400698	0	0
0	1.023125	0	0.854166228	0	0
0	1.024375	0	0.854929755	0	0
0	1.025625	0	0.855691277	0	0
0	1.026875	0	0.856450795	0	0
0	1.028125	0	0.857208309	0	0
0	1.029375	0	0.85796382	0	0
0	1.030625	0	0.858717326	0	0
0	1.031875	0	0.859468828	0	0
0	1.033125	0	0.860218326	0	0
0	1.034375	0	0.860965821	0	0
0	1.035625	0	0.861711311	0	0
0	1.036875	0	0.862454797	0	0
0	1.038125	0	0.863196279	0	0
0	1.039375	0	0.863935758	0	0
0	1.040625	0	0.864673232	0	0
0	1.041875	0	0.865408702	0	0
0	1.043125	0	0.866142168	0	0
0	1.044375	0	0.86687363	0	0
0	1.045625	0	0.867603089	0	0
0	1.046875	0	0.868330543	0	0
0	1.048125	0	0.869055993	0	0
0	1.049375	0	0.869779439	0	0
0	1.050625	0	0.870500881	0	0
0	1.051875	0	0.871220319	0	0
0	1.053125	0	0.871937754	0	0
0	1.054375	0	0.872653184	0	0
0	1.055625	0	0.87336661	0	0
0	1.056875	0	0.874078032	0	0
0	1.058125	0	0.87478745	0	0
0	1.059375	0	0.875494864	0	0
0	1.060625	0	0.876200274	0	0
0	1.061875	0	0.87690368	0	0
0	1.063125	0	0.877605083	0	0
0	1.064375	0	0.878304481	0	0
0	1.065625	0	0.879001875	0	0
0	1.066875	0	0.879697265	0	0
0	1.068125	0	0.880390651	0	0
0	1.069375	0	0.881082033	0	0
0	1.070625	0	0.881771411	0	0
0	1.071875	0	0.882458785	0	0
0	1.073125	0	0.883144155	0	0
0	1.074375	0	0.883827521	0	0
0	1.075625	0	0.884508883	0	0
0	1.076875	0	0.885188241	0	0
0	1.078125	0	0.885865595	0	0
0	1.079375	0	0.886540945	0	0
0	1.080625	0	0.887214291	0	0
0	1.081875	0	0.887885633	0	0
0	1.083125	0	0.888554971	0	0
0	1.084375	0	0.889222305	0	0
0	1.085625	0	0.889887635	0	0
0	1.086875	0	0.890550961	0	0
0	1.088125	0	0.891212283	0	0
0	1.089375	0	0.891871601	0	0
0	1.090625	0	0.892528915	0	0
0	1.091875	0	0.893184225	0	0
0	1.093125	0	0.893837531	0	0
0	1.094375	0	0.894488833	0	0
0	1.095625	0	0.895138131	0	0
0	1.096875	0	0.895785425	0	0
0	1.098125	0	0.896430715	0	0
0	1.099375	0	0.897074001	0	0
0	1.100625	0	0.897715283	0	0
0	1.101875	0	0.898354561	0	0
0	1.103125	0	0.898991835	0	0
0	1.104375	0	0.899627105	0	0
0	1.105625	0	0.90026037	0	0
0	1.106875	0	0.900891632	0	0
0	1.108125	0	0.90152089	0	0
0	1.109375	0	0.902148144	0	0
0	1.110625	0	0.902773394	0	0
0	1.111875	0	0.90339664	0	0
0	1.113125	0	0.904017882	0	0
0	1.114375	0	0.90463712	0	0
0	1.115625	0	0.905254353	0	0
0	1.116875	0	0.905869583	0	0
0	1.118125	0	0.906482809	0	0
0	1.119375	0	0.907094031	0	0
0	1.120625	0	0.907703249	0	0
0	1.121875	0	0.908310463	0	0
0	1.123125	0	0.908915672	0	0
0	1.124375	0	0.909518878	0	0
0	1.125625	0	0.91012008	0	0
0	1.126875	0	0.910719278	0	0
0	1.128125	0	0.911316472	0	0
0	1.129375	0	0.911911661	0	0
0	1.130625	0	0.912504847	0	0
0	1.131875	0	0.913096029	0	0
0	1.133125	0	0.913685207	0	0
0	1.134375	0	0.91427238	0	0
0	1.135625	0	0.91485755	0	0
0	1.136875	0	0.915440716	0	0
0	1.138125	0	0.916021878	0	0
0	1.139375	0	0.916601035	0	0
0	1.140625	0	0.917178189	0	0
0	1.141875	0	0.917753339	0	0
0	1.143125	0	0.918326485	0	0
0	1.144375	0	0.918897626	0	0
0	1.145625	0	0.919466764	0	0
0	1.146875	0	0.920033898	0	0
0	1.148125	0	0.920599027	0	0
0	1.149375	0	0.921162153	0	0
0	1.150625	0	0.921723275	0	0
0	1.151875	0	0.922282393	0	0
0	1.153125	0	0.922839506	0	0
0	1.154375	0	0.923394616	0	0
0	1.155625	0	0.923947721	0	0
0	1.156875	0	0.924498823	0	0
0	1.158125	0	0.925047921	0	0
0	1.159375	0	0.925595014	0	0
0	1.160625	0	0.926140104	0	0
0	1.161875	0	0.92668319	0	0
0	1.163125	0	0.927224271	0	0
0	1.164375	0	0.927763349	0	0
0	1.165625	0	0.928300423	0	0
0	1.166875	0	0.928835492	0	0
0	1.168125	0	0.929368558	0	0
0	1.169375	0	0.929899619	0	0
0	1.170625	0	0.930428677	0	0
0	1.171875	0	0.930955731	0	0
0	1.173125	0	0.93148078	0	0
0	1.174375	0	0.932003826	0	0
0	1.175625	0	0.932524867	0	0
0	1.176875	0	0.933043905	0	0
0	1.178125	0	0.933560938	0	0
0	1.179375	0	0.934075968	0	0
0	1.180625	0	0.934588993	0	0
0	1.181875	0	0.935100015	0	0
0	1.183125	0	0.935609032	0	0
0	1.184375	0	0.936116046	0	0
0	1.185625	0	0.936621055	0	0
0	1.186875	0	0.937124061	0	0
0	1.188125	0	0.937625062	0	0
0	1.189375	0	0.93812406	0	0
0	1.190625	0	0.938621053	0	0
0	1.191875	0	0.939116043	0	0
0	1.193125	0	0.939609028	0	0
0	1.194375	0	0.94010001	0	0
0	1.195625	0	0.940588987	0	0
0	1.196875	0	0.941075961	0	0
0	1.198125	0	0.94156093	0	0
0	1.199375	0	0.942043896	0	0
0	1.200625	0	0.942524857	0	0
0	1.201875	0	0.943003815	0	0
0	1.203125	0	0.943480768	0	0
0	1.204375	0	0.943955717	0	0
0	1.205625	0	0.944428663	0	0
0	1.206875	0	0.944899604	0	0
0	1.208125	0	0.945368542	0	0
0	1.209375	0	0.945835475	0	0
0	1.210625	0	0.946300405	0	0
0	1.211875	0	0.94676333	0	0
0	1.213125	0	0.947224251	0	0
0	1.214375	0	0.947683169	0	0
0	1.215625	0	0.948140082	0	0
0	1.216875	0	0.948594991	0	0
0	1.218125	0	0.949047897	0	0
0	1.219375	0	0.949498798	0	0
0	1.220625	0	0.949947695	0	0
0	1.221875	0	0.950394589	0	0
0	1.223125	0	0.950839478	0	0
0	1.224375	0	0.951282363	0	0
0	1.225625	0	0.951723245	0	0
0	1.226875	0	0.952162122	0	0
0	1.228125	0	0.952598995	0	0
0	1.229375	0	0.953033865	0	0
0	1.230625	0	0.95346673	0	0
0	1.231875	0	0.953897591	0	0
0	1.233125	0	0.954326449	0	0
0	1.234375	0	0.954753302	0	0
0	1.235625	0	0.955178151	0	0
0	1.236875	0	0.955600996	0	0
0	1.238125	0	0.956021838	0	0
0	1.239375	0	0.956440675	0	0
0	1.240625	0	0.956857508	0	0
0	1.241875	0	0.957272337	0	0
0	1.243125	0	0.957685163	0	0
0	1.244375	0	0.958095984	0	0
0	1.245625	0	0.958504801	0	0
0	1.246875	0	0.958911614	0	0
0	1.248125	0	0.959316424	0	0
0	1.249375	0	0.959719229	0	0
0	1.250625	0	0.96012003	0	0
0	1.251875	0	0.960518827	0	0
0	1.253125	0	0.96091562	0	0
0	1.254375	0	0.96131041	0	0
0	1.255625	0	0.961703195	0	0
0	1.256875	0	0.962093976	0	0
0	1.258125	0	0.962482753	0	0
0	1.259375	0	0.962869526	0	0
0	1.260625	0	0.963254295	0	0
0	1.261875	0	0.96363706	0	0
0	1.263125	0	0.964017822	0	0
0	1.264375	0	0.964396579	0	0
0	1.265625	0	0.964773332	0	0
0	1.266875	0	0.965148081	0	0
0	1.268125	0	0.965520826	0	0
0	1.269375	0	0.965891567	0	0
0	1.270625	0	0.966260304	0	0
0	1.271875	0	0.966627037	0	0
0	1.273125	0	0.966991767	0	0
0	1.274375	0	0.967354492	0	0
0	1.275625	0	0.967715213	0	0
0	1.276875	0	0.96807393	0	0
0	1.278125	0	0.968430643	0	0
0	1.279375	0	0.968785352	0	0
0	1.280625	0	0.969138057	0	0
0	1.281875	0	0.969488758	0	0
0	1.283125	0	0.969837455	0	0
0	1.284375	0	0.970184148	0	0
0	1.285625	0	0.970528837	0	0
0	1.286875	0	0.970871522	0	0
0	1.288125	0	0.971212203	0	0
0	1.289375	0	0.97155088	0	0
0	1.290625	0	0.971887553	0	0
0	1.291875	0	0.972222222	0	0
0	1.293125	0	0.972554887	0	0
0	1.294375	0	0.972885548	0	0
0	1.295625	0	0.973214205	0	0
0	1.296875	0	0.973540858	0	0
0	1.298125	0	0.973865507	0	0
0	1.299375	0	0.974188152	0	0
0	1.300625	0	0.974508793	0	0
0	1.301875	0	0.97482743	0	0
0	1.303125	0	0.975144063	0	0
0	1.304375	0	0.975458692	0	0
0	1.305625	0	0.975771317	0	0
0	1.306875	0	0.976081938	0	0
0	1.308125	0	0.976390555	0	0
0	1.309375	0	0.976697168	0	0
0	1.310625	0	0.977001777	0	0
0	1.311875	0	0.977304381	0	0
0	1.313125	0	0.977604982	0	0
0	1.314375	0	0.977903579	0	0
0	1.315625	0	0.978200172	0	0
0	1.316875	0	0.978494761	0	0
0	1.318125	0	0.978787346	0	0
0	1.319375	0	0.979077927	0	0
0	1.320625	0	0.979366504	0	0
0	1.321875	0	0.979653076	0	0
0	1.323125	0	0.979937645	0	0
0	1.324375	0	0.98022021	0	0
0	1.325625	0	0.980500771	0	0
0	1.326875	0	0.980779328	0	0
0	1.328125	0	0.981055881	0	0
0	1.329375	0	0.98133043	0	0
0	1.330625	0	0.981602974	0	0
0	1.331875	0	0.981873515	0	0
0	1.333125	0	0.982142052	0	0
0	1.334375	0	0.982408585	0	0
0	1.335625	0	0.982673114	0	0
0	1.336875	0	0.982935638	0	0
0	1.338125	0	0.983196159	0	0
0	1.339375	0	0.983454676	0	0
0	1.340625	0	0.983711189	0	0
0	1.341875	0	0.983965697	0	0
0	1.343125	0	0.984218202	0	0
0	1.344375	0	0.984468703	0	0
0	1.345625	0	0.9847172	0	0
0	1.346875	0	0.984963692	0	0
0	1.348125	0	0.985208181	0	0
0	1.349375	0	0.985450666	0	0
0	1.350625	0	0.985691147	0	0
0	1.351875	0	0.985929623	0	0
0	1.353125	0	0.986166096	0	0
0	1.354375	0	0.986400565	0	0
0	1.355625	0	0.986633029	0	0
0	1.356875	0	0.98686349	0	0
0	1.358125	0	0.987091947	0	0
0	1.359375	0	0.987318399	0	0
0	1.360625	0	0.987542848	0	0
0	1.361875	0	0.987765293	0	0
0	1.363125	0	0.987985733	0	0
0	1.364375	0	0.98820417	0	0
0	1.365625	0	0.988420603	0	0
0	1.366875	0	0.988635031	0	0
0	1.368125	0	0.988847456	0	0
0	1.369375	0	0.989057877	0	0
0	1.370625	0	0.989266293	0	0
0	1.371875	0	0.989472706	0	0
0	1.373125	0	0.989677115	0	0
0	1.374375	0	0.989879519	0	0
0	1.375625	0	0.99007992	0	0
0	1.376875	0	0.990278316	0	0
0	1.378125	0	0.990474709	0	0
0	1.379375	0	0.990669098	0	0
0	1.380625	0	0.990861482	0	0
0	1.381875	0	0.991051863	0	0
0	1.383125	0	0.991240239	0	0
0	1.384375	0	0.991426612	0	0
0	1.385625	0	0.99161098	0	0
0	1.386875	0	0.991793345	0	0
0	1.388125	0	0.991973705	0	0
0	1.389375	0	0.992152062	0	0
0	1.390625	0	0.992328415	0	0
0	1.391875	0	0.992502763	0	0
0	1.393125	0	0.992675108	0	0
0	1.394375	0	0.992845448	0	0
0	1.395625	0	0.993013785	0	0
0	1.396875	0	0.993180117	0	0
0	1.398125	0	0.993344446	0	0
0	1.399375	0	0.99350677	0	0
0	1.400625	0	0.993667091	0	0
0	1.401875	0	0.993825407	0	0
0	1.403125	0	0.993981719	0	0
0	1.404375	0	0.994136028	0	0
0	1.405625	0	0.994288332	0	0
0	1.406875	0	0.994438633	0	0
0	1.408125	0	0.994586929	0	0
0	1.409375	0	0.994733222	0	0
0	1.410625	0	0.99487751	0	0
0	1.411875	0	0.995019795	0	0
0	1.413125	0	0.995160075	0	0
0	1.414375	0	0.995298351	0	0
0	1.415625	0	0.995434624	0	0
0	1.416875	0	0.995568892	0	0
0	1.418125	0	0.995701157	0	0
0	1.419375	0	0.995831417	0	0
0	1.420625	0	0.995959673	0	0
0	1.421875	0	0.996085926	0	0
0	1.423125	0	0.996210174	0	0
0	1.424375	0	0.996332419	0	0
0	1.425625	0	0.996452659	0	0
0	1.426875	0	0.996570895	0	0
0	1.428125	0	0.996687128	0	0
0	1.429375	0	0.996801356	0	0
0	1.430625	0	0.99691358	0	0
0	1.431875	0	0.997023801	0	0
0	1.433125	0	0.997132017	0	0
0	1.434375	0	0.997238229	0	0
0	1.435625	0	0.997342438	0	0
0	1.436875	0	0.997444642	0	0
0	1.438125	0	0.997544842	0	0
0	1.439375	0	0.997643038	0	0
0	1.440625	0	0.997739231	0	0
0	1.441875	0	0.997833419	0	0
0	1.443125	0	0.997925603	0	0
0	1.444375	0	0.998015784	0	0
0	1.445625	0	0.99810396	0	0
0	1.446875	0	0.998190132	0	0
0	1.448125	0	0.9982743	0	0
0	1.449375	0	0.998356465	0	0
0	1.450625	0	0.998436625	0	0
0	1.451875	0	0.998514781	0	0
0	1.453125	0	0.998590933	0	0
0	1.454375	0	0.998665081	0	0
0	1.455625	0	0.998737226	0	0
0	1.456875	0	0.998807366	0	0
0	1.458125	0	0.998875502	0	0
0	1.459375	0	0.998941634	0	0
0	1.460625	0	0.999005763	0	0
0	1.461875	0	0.999067887	0	0
0	1.463125	0	0.999128007	0	0
0	1.464375	0	0.999186123	0	0
0	1.465625	0	0.999242235	0	0
0	1.466875	0	0.999296343	0	0
0	1.468125	0	0.999348448	0	0
0	1.469375	0	0.999398548	0	0
0	1.470625	0	0.999446644	0	0
0	1.471875	0	0.999492736	0	0
0	1.473125	0	0.999536824	0	0
0	1.474375	0	0.999578908	0	0
0	1.475625	0	0.999618988	0	0
0	1.476875	0	0.999657064	0	0
0	1.478125	0	0.999693137	0	0
0	1.479375	0	0.999727205	0	0
0	1.480625	0	0.999759269	0	0
0	1.481875	0	0.999789329	0	0
0	1.483125	0	0.999817385	0	0
0	1.484375	0	0.999843437	0	0
0	1.485625	0	0.999867485	0	0
0	1.486875	0	0.999889529	0	0
0	1.488125	0	0.999909569	0	0
0	1.489375	0	0.999927605	0	0
0	1.490625	0	0.999943637	0	0
0	1.491875	0	0.999957665	0	0
0	1.493125	0	0.999969689	0	0
0	1.494375	0	0.999979709	0	0
0	1.495625	0	0.999987725	0	0
0	1.496875	0	0.999993737	0	0
0	1.498125	0	0.999997745	0	0
0	1.499375	0	0.999999749	0	0
0	1.500625	0	0.999999749	0	0
0	1.501875	0	0.999997745	0	0
0	1.503125	0	0.999993737	0	0
0	1.504375	0	0.999987725	0	0
0	1.505625	0	0.999979709	0	0
0	1.506875	0	0.999969689	0	0
0	1.508125	0	0.999957665	0	0
0	1.509375	0	0.999943637	0	0
0	1.510625	0	0.999927605	0	0
0	1.511875	0	0.999909569	0	0
0	1.513125	0	0.999889529	0	0
0	1.514375	0	0.999867485	0	0
0	1.515625	0	0.999843437	0	0
0	1.516875	0	0.999817385	0	0
0	1.518125	0	0.999789329	0	0
0	1.519375	0	0.999759269	0	0
0	1.520625	0	0.999727205	0	0
0	1.521875	0	0.999693137	0	0
0	1.523125	0	0.999657064	0	0
0	1.524375	0	0.999618988	0	0
0	1.525625	0	0.999578908	0	0
0	1.526875	0	0.999536824	0	0
0	1.528125	0	0.999492736	0	0
0	1.529375	0	0.999446644	0	0
0	1.530625	0	0.999398548	0	0
0	1.531875	0	0.999348448	0	0
0	1.533125	0	0.999296343	0	0
0	1.534375	0	0.999242235	0	0
0	1.535625	0	0.999186123	0	0
0	1.536875	0	0.999128007	0	0
0	1.538125	0	0.999067887	0	0
0	1.539375	0	0.999005763	0	0
0	1.540625	0	0.998941634	0	0
0	1.541875	0	0.998875502	0	0
0	1.543125	0	0.998807366	0	0
0	1.544375	0	0.998737226	0	0
0	1.545625	0	0.998665081	0	0
0	1.546875	0	0.998590933	0	0
0	1.548125	0	0.998514781	0	0
0	1.549375	0	0.998436625	0	0
0	1.550625	0	0.998356465	0	0
0	1.551875	0	0.9982743	0	0
0	1.553125	0	0.998190132	0	0
0	1.554375	0	0.99810396	0	0
0	1.555625	0	0.998015784	0	0
0	1.556875	0	0.997925603	0	0
0	1.558125	0	0.997833419	0	0
0	1.559375	0	0.997739231	0	0
0	1.560625	0	0.997643038	0	0
0	1.561875	0	0.997544842	0	0
0	1.563125	0	0.997444642	0	0
0	1.564375	0	0.997342438	0	0
0	1.565625	0	0.997238229	0	0
0	1.566875	0	0.997132017	0	0
0	1.568125	0	0.997023801	0	0
0	1.569375	0	0.99691358	0	0
0	1.570625	0	0.996801356	0	0
0	1.571875	0	0.996687128	0	0
0	1.573125	0	0.996570895	0	0
0	1.574375	0	0.996452659	0	0
0	1.575625	0	0.996332419	0	0
0	1.576875	0	0.996210174	0	0
0	1.578125	0	0.996085926	0	0
0	1.579375	0	0.995959673	0	0
0	1.580625	0	0.995831417	0	0
0	1.581875	0	0.995701157	0	0
0	1.583125	0	0.995568892	0	0
0	1.584375	0	0.995434624	0	0
0	1.585625	0	0.995298351	0	0
0	1.586875	0	0.995160075	0	0
0	1.588125	0	0.995019795	0	0
0	1.589375	0	0.99487751	0	0
0	1.590625	0	0.994733222	0	0
0	1.591875	0	0.994586929	0	0
0	1.593125	0	0.994438633	0	0
0	1.594375	0	0.994288332	0	0
0	1.595625	0	0.994136028	0	0
0	1.596875	0	0.993981719	0	0
0	1.598125	0	0.993825407	0	0
0	1.599375	0	0.993667091	0	0
0	1.600625	0	0.99350677	0	0
0	1.601875	0	0.993344446	0	0
0	1.603125	0	0.993180117	0	0
0	1.604375	0	0.993013785	0	0
0	1.605625	0	0.992845448	0	0
0	1.606875	0	0.992675108	0	0
0	1.608125	0	0.992502763	0	0
0	1.609375	0	0.992328415	0	0
0	1.610625	0	0.992152062	0	0
0	1.611875	0	0.991973705	0	0
0	1.613125	0	0.991793345	0	0
0	1.614375	0	0.99161098	0	0
0	1.615625	0	0.991426612	0	0
0	1.616875	0	0.991240239	0	0
0	1.618125	0	0.991051863	0	0
0	1.619375	0	0.990861482	0	0
0	1.620625	0	0.990669098	0	0
0	1.621875	0	0.990474709	0	0
0	1.623125	0	0.990278316	0	0
0	1.624375	0	0.99007992	0	0
0	1.625625	0	0.989879519	0	0
0	1.626875	0	0.989677115	0	0
0	1.628125	0	0.989472706	0	0
0	1.629375	0	0.989266293	0	0
0	1.630625	0	0.989057877	0	0
0	1.631875	0	0.988847456	0	0
0	1.633125	0	0.988635031	0	0
0	1.634375	0	0.988420603	0	0
0	1.635625	0	0.98820417	0	0
0	1.636875	0	0.987985733	0	0
0	1.638125	0	0.987765293	0	0
0	1.639375	0	0.987542848	0	0
0	1.640625	0	0.987318399	0	0
0	1.641875	0	0.987091947	0	0
0	1.643125	0	0.98686349	0	0
0	1.644375	0	0.986633029	0	0
0	1.645625	0	0.986400565	0	0
0	1.646875	0	0.986166096	0	0
0	1.648125	0	0.985929623	0	0
0	1.649375	0	0.985691147	0	0
0	1.650625	0	0.985450666	0	0
0	1.651875	0	0.985208181	0	0
0	1.653125	0	0.984963692	0	0
0	1.654375	0	0.9847172	0	0
0	1.655625	0	0.984468703	0	0
0	1.656875	0	0.984218202	0	0
0	1.658125	0	0.983965697	0	0
0	1.659375	0	0.983711189	0	0
0	1.660625	0	0.983454676	0	0
0	1.661875	0	0.983196159	0	0
0	1.663125	0	0.982935638	0	0
0	1.664375	0	0.982673114	0	0
0	1.665625	0	0.982408585	0	0
0	1.666875	0	0.982142052	0	0
0	1.668125	0	0.981873515	0	0
0	1.669375	0	0.981602974	0	0
0	1.670625	0	0.98133043	0	0
0	1.671875	0	0.981055881	0	0
0	1.673125	0	0.980779328	0	0
0	1.674375	0	0.980500771	0	0
0	1.675625	0	0.98022021	0	0
0	1.676875	0	0.979937645	0	0
0	1.678125	0	0.979653076	0	0
0	1.679375	0	0.979366504	0	0
0	1.680625	0	0.979077927	0	0
0	1.681875	0	0.978787346	0	0
0	1.683125	0	0.978494761	0	0
0	1.684375	0	0.978200172	0	0
0	1.685625	0	0.977903579	0	0
0	1.686875	0	0.977604982	0	0
0	1.688125	0	0.977304381	0	0
0	1.689375	0	0.977001777	0	0
0	1.690625	0	0.976697168	0	0
0	1.691875	0	0.976390555	0	0
0	1.693125	0	0.976081938	0	0
0	1.694375	0	0.975771317	0	0
0	1.695625	0	0.975458692	0	0
0	1.696875	0	0.975144063	0	0
0	1.698125	0	0.97482743	0	0
0	1.699375	0	0.974508793	0	0
0	1.700625	0	0.974188152	0	0
0	1.701875	0	0.973865507	0	0
0	1.703125	0	0.973540858	0	0
0	1.704375	0	0.973214205	0	0
0	1.705625	0	0.972885548	0	0
0	1.706875	0	0.972554887	0	0
0	1.708125	0	0.972222222	0	0
0	1.709375	0	0.971887553	0	0
0	1.710625	0	0.97155088	0	0
0	1.711875	0	0.971212203	0	0
0	1.713125	0	0.970871522	0	0
0	1.714375	0	0.970528837	0	0
0	1.715625	0	0.970184148	0	0
0	1.716875	0	0.969837455	0	0
0	1.718125	0	0.969488758	0	0
0	1.719375	0	0.969138057	0	0
0	1.720625	0	0.968785352	0	0
0	1.721875	0	0.968430643	0	0
0	1.723125	0	0.96807393	0	0
0	1.724375	0	0.967715213	0	0
0	1.725625	0	0.967354492	0	0
0	1.726875	0	0.966991767	0	0
0	1.728125	0	0.966627037	0	0
0	1.729375	0	0.966260304	0	0
0	1.730625	0	0.965891567	0	0
0	1.731875	0	0.965520826	0	0
0	1.733125	0	0.965148081	0	0
0	1.734375	0	0.964773332	0	0
0	1.735625	0	0.964396579	0	0
0	1.736875	0	0.964017822	0	0
0	1.738125	0	0.96363706	0	0
0	1.739375	0	0.963254295	0	0
0	1.740625	0	0.962869526	0	0
0	1.741875	0	0.962482753	0	0
0	1.743125	0	0.962093976	0	0
0	1.744375	0	0.961703195	0	0
0	1.745625	0	0.96131041	0	0
0	1.746875	0	0.96091562	0	0
0	1.748125	0	0.960518827	0	0
0	1.749375	0	0.96012003	0	0
0	1.750625	0	0.959719229	0	0
0	1.751875	0	0.959316424	0	0
0	1.753125	0	0.958911614	0	0
0	1.754375	0	0.958504801	0	0
0	1.755625	0	0.958095984	0	0
0	1.756875	0	0.957685163	0	0
0	1.758125	0	0.957272337	0	0
0	1.759375	0	0.956857508	0	0
0	1.760625	0	0.956440675	0	0
0	1.761875	0	0.956021838	0	0
0	1.763125	0	0.955600996	0	0
0	1.764375	0	0.955178151	0	0
0	1.765625	0	0.954753302	0	0
0	1.766875	0	0.954326449	0	0
0	1.768125	0	0.953897591	0	0
0	1.769375	0	0.95346673	0	0
0	1.770625	0	0.953033865	0	0
0	1.771875	0	0.952598995	0	0
0	1.773125	0	0.952162122	0	0
0	1.774375	0	0.951723245	0	0
0	1.775625	0	0.951282363	0	0
0	1.776875	0	0.950839478	0	0
0	1.778125	0	0.950394589	0	0
0	1.779375	0	0.949947695	0	0
0	1.780625	0	0.949498798	0	0
0	1.781875	0	0.949047897	0	0
0	1.783125	0	0.948594991	0	0
0	1.784375	0	0.948140082	0	0
0	1.785625	0	0.947683169	0	0
0	1.786875	0	0.947224251	0	0
0	1.788125	0	0.94676333	0	0
0	1.789375	0	0.946300405	0	0
0	1.790625	0	0.945835475	0	0
0	1.791875	0	0.945368542	0	0
0	1.793125	0	0.944899604	0	0
0	1.794375	0	0.944428663	0	0
0	1.795625	0	0.943955717	0	0
0	1.796875	0	0.943480768	0	0
0	1.798125	0	0.943003815	0	0
0	1.799375	0	0.942524857	0	0
0	1.800625	0	0.942043896	0	0
0	1.801875	0	0.94156093	0	0
0	1.803125	0	0.941075961	0	0
0	1.804375	0	0.940588987	0	0
0	1.805625	0	0.94010001	0	0
0	1.806875	0	0.939609028	0	0
0	1.808125	0	0.939116043	0	0
0	1.809375	0	0.938621053	0	0
0	1.810625	0	0.93812406	0	0
0	1.811875	0	0.937625062	0	0
0	1.813125	0	0.937124061	0	0
0	1.814375	0	0.936621055	0	0
0	1.815625	0	0.936116046	0	0
0	1.816875	0	0.935609032	0	0
0	1.818125	0	0.935100015	0	0
0	1.819375	0	0.934588993	0	0
0	1.820625	0	0.934075968	0	0
0	1.821875	0	0.933560938	0	0
0	1.823125	0	0.933043905	0	0
0	1.824375	0	0.932524867	0	0
0	1.825625	0	0.932003826	0	0
0	1.826875	0	0.93148078	0	0
0	1.828125	0	0.930955731	0	0
0	1.829375	0	0.930428677	0	0
0	1.830625	0	0.929899619	0	0
0	1.831875	0	0.929368558	0	0
0	1.833125	0	0.928835492	0	0
0	1.834375	0	0.928300423	0	0
0	1.835625	0	0.927763349	0	0
0	1.836875	0	0.927224271	0	0
0	1.838125	0	0.92668319	0	0
0	1.839375	0	0.926140104	0	0
0	1.840625	0	0.925595014	0	0
0	1.841875	0	0.925047921	0	0
0	1.843125	0	0.924498823	0	0
0	1.844375	0	0.923947721	0	0
0	1.845625	0	0.923394616	0	0
0	1.846875	0	0.922839506	0	0
0	1.848125	0	0.922282393	0	0
0	1.849375	0	0.921723275	0	0
0	1.850625	0	0.921162153	0	0
0	1.851875	0	0.920599027	0	0
0	1.853125	0	0.920033898	0	0
0	1.854375	0	0.919466764	0	0
0	1.855625	0	0.918897626	0	0
0	1.856875	0	0.918326485	0	0
0	1.858125	0	0.917753339	0	0
0	1.859375	0	0.917178189	0	0
0	1.860625	0	0.916601035	0	0
0	1.861875	0	0.916021878	0	0
0	1.863125	0	0.915440716	0	0
0	1.864375	0	0.91485755	0	0
0	1.865625	0	0.91427238	0	0
0	1.866875	0	0.913685207	0	0
0	1.868125	0	0.913096029	0	0
0	1.869375	0	0.912504847	0	0
0	1.870625	0	0.911911661	0	0
0	1.871875	0	0.911316472	0	0
0	1.873125	0	0.910719278	0	0
0	1.874375	0	0.91012008	0	0
0	1.875625	0	0.909518878	0	0
0	1.876875	0	0.908915672	0	0
0	1.878125	0	0.908310463	0	0
0	1.879375	0	0.907703249	0	0
0	1.880625	0	0.907094031	0	0
0	1.881875	0	0.906482809	0	0
0	1.883125	0	0.905869583	0	0
0	1.884375	0	0.905254353	0	0
0	1.885625	0	0.90463712	0	0
0	1.886875	0	0.904017882	0	0
0	1.888125	0	0.90339664	0	0
0	1.889375	0	0.902773394	0	0
0	1.890625	0	0.902148144	0	0
0	1.891875	0	0.90152089	0	0
0	1.893125	0	0.900891632	0	0
0	1.894375	0	0.90026037	0	0
0	1.895625	0	0.899627105	0	0
0	1.896875	0	0.898991835	0	0
0	1.898125	0	0.898354561	0	0
0	1.899375	0	0.897715283	0	0
0	1.900625	0	0.897074001	0	0
0	1.901875	0	0.896430715	0	0
0	1.903125	0	0.895785425	0	0
0	1.904375	0	0.895138131	0	0
0	1.905625	0	0.894488833	0	0
0	1.906875	0	0.893837531	0	0
0	1.908125	0	0.893184225	0	0
0	1.909375	0	0.892528915	0	0
0	1.910625	0	0.891871601	0	0
0	1.911875	0	0.891212283	0	0
0	1.913125	0	0.890550961	0	0
0	1.914375	0	0.889887635	0	0
0	1.915625	0	0.889222305	0	0
0	1.916875	0	0.888554971	0	0
0	1.918125	0	0.887885633	0	0
0	1.919375	0	0.887214291	0	0
0	1.920625	0	0.886540945	0	0
0	1.921875	0	0.885865595	0	0
0	1.923125	0	0.885188241	0	0
0	1.924375	0	0.884508883	0	0
0	1.925625	0	0.883827521	0	0
0	1.926875	0	0.883144155	0	0
0	1.928125	0	0.882458785	0	0
0	1.929375	0	0.881771411	0	0
0	1.930625	0	0.881082033	0	0
0	1.931875	0	0.880390651	0	0
0	1.933125	0	0.879697265	0	0
0	1.934375	0	0.879001875	0	0
0	1.935625	0	0.878304481	0	0
0	1.936875	0	0.877605083	0	0
0	1.938125	0	0.87690368	0	0
0	1.939375	0	0.876200274	0	0
0	1.940625	0	0.875494864	0	0
0	1.941875	0	0.87478745	0	0
0	1.943125	0	0.874078032	0	0
0	1.944375	0	0.87336661	0	0
0	1.945625	0	0.872653184	0	0
0	1.946875	0	0.871937754	0	0
0	1.948125	0	0.871220319	0	0
0	1.949375	0	0.870500881	0	0
0	1.950625	0	0.869779439	0	0
0	1.951875	0	0.869055993	0	0
0	1.953125	0	0.868330543	0	0
0	1.954375	0	0.867603089	0	0
0	1.955625	0	0.86687363	0	0
0	1.956875	0	0.866142168	0	0
0	1.958125	0	0.865408702	0	0
0	1.959375	0	0.864673232	0	0
0	1.960625	0	0.863935758	0	0
0	1.961875	0	0.863196279	0	0
0	1.963125	0	0.862454797	0	0
0	1.964375	0	0.861711311	0	0
0	1.965625	0	0.860965821	0	0
0	1.966875	0	0.860218326	0	0
0	1.968125	0	0.859468828	0	0
0	1.969375	0	0.858717326	0	0
0	1.970625	0	0.85796382	0	0
0	1.971875	0	0.857208309	0	0
0	1.973125	0	0.856450795	0	0
0	1.974375	0	0.855691277	0	0
0	1.975625	0	0.854929755	0	0
0	1.976875	0	0.854166228	0	0
0	1.978125	0	0.853400698	0	0
0	1.979375	0	0.852633164	0	0
0	1.980625	0	0.851863625	0	0
0	1.981875	0	0.851092083	0	0
0	1.983125	0	0.850318537	0	0
0	1.984375	0	0.849542986	0	0
0	1.985625	0	0.848765432	0	0
0	1.986875	0	0.847985874	0	0
0	1.988125	0	0.847204311	0	0
0	1.989375	0	0.846420745	0	0
0	1.990625	0	0.845635175	0	0
0	1.991875	0	0.8448476	0	0
0	1.993125	0	0.844058022	0	0
0	1.994375	0	0.84326644	0	0
0	1.995625	0	0.842472853	0	0
0	1.996875	0	0.841677263	0	0
0	1.998125	0	0.840879668	0	0
0	1.999375	0	0.84008007	0	0
0	2.000625	0	0.839278468	0	0
0	2.001875	0	0.838474861	0	0
0	2.003125	0	0.837669251	0	0
0	2.004375	0	0.836861636	0	0
0	2.005625	0	0.836052018	0	0
0	2.006875	0	0.835240396	0	0
0	2.008125	0	0.834426769	0	0
0	2.009375	0	0.833611139	0	0
0	2.010625	0	0.832793504	0	0
0	2.011875	0	0.831973866	0	0
0	2.013125	0	0.831152223	0	0
0	2.014375	0	0.830328577	0	0
0	2.015625	0	0.829502926	0	0
0	2.016875	0	0.828675272	0	0
0	2.018125	0	0.827845613	0	0
0	2.019375	0	0.827013951	0	0
0	2.020625	0	0.826180284	0	0
0	2.021875	0	0.825344614	0	0
0	2.023125	0	0.824506939	0	0
0	2.024375	0	0.823667261	0	0
0	2.025625	0	0.822825578	0	0
0	2.026875	0	0.821981892	0	0
0	2.028125	0	0.821136201	0	0
0	2.029375	0	0.820288507	0	0
0	2.030625	0	0.819438808	0	0
0	2.031875	0	0.818587106	0	0
0	2.033125	0	0.817733399	0	0
0	2.034375	0	0.816877688	0	0
0	2.035625	0	0.816019974	0	0
0	2.036875	0	0.815160255	0	0
0	2.038125	0	0.814298533	0	0
0	2.039375	0	0.813434806	0	0
0	2.040625	0	0.812569076	0	0
0	2.041875	0	0.811701341	0	0
0	2.043125	0	0.810831602	0	0
0	2.044375	0	0.80995986	0	0
0	2.045625	0	0.809086113	0	0
0	2.046875	0	0.808210363	0	0
0	2.048125	0	0.807332608	0	0
0	2.049375	0	0.806452849	0	0
0	2.050625	0	0.805571087	0	0
0	2.051875	0	0.80468732	0	0
0	2.053125	0	0.803801549	0	0
0	2.054375	0	0.802913775	0	0
0	2.055625	0	0.802023996	0	0
0	2.056875	0	0.801132213	0	0
0	2.058125	0	0.800238427	0	0
0	2.059375	0	0.799342636	0	0
0	2.060625	0	0.798444841	0	0
0	2.061875	0	0.797545043	0	0
0	2.063125	0	0.79664324	0	0
0	2.064375	0	0.795739433	0	0
0	2.065625	0	0.794833622	0	0
0	2.066875	0	0.793925808	0	0
0	2.068125	0	0.793015989	0	0
0	2.069375	0	0.792104166	0	0
0	2.070625	0	0.791190339	0	0
0	2.071875	0	0.790274509	0	0
0	2.073125	0	0.789356674	0	0
0	2.074375	0	0.788436835	0	0
0	2.075625	0	0.787514992	0	0
0	2.076875	0	0.786591146	0	0
0	2.078125	0	0.785665295	0	0
0	2.079375	0	0.78473744	0	0
0	2.080625	0	0.783807581	0	0
0	2.081875	0	0.782875719	0	0
0	2.083125	0	0.781941852	0	0
0	2.084375	0	0.781005981	0	0
0	2.085625	0	0.780068106	0	0
0	2.086875	0	0.779128227	0	0
0	2.088125	0	0.778186345	0	0
0	2.089375	0	0.777242458	0	0
0	2.090625	0	0.776296567	0	0
0	2.091875	0	0.775348672	0	0
0	2.093125	0	0.774398773	0	0
0	2.094375	0	0.77344687	0	0
0	2.095625	0	0.772492963	0	0
0	2.096875	0	0.771537053	0	0
0	2.098125	0	0.770579138	0	0
0	2.099375	0	0.769619219	0	0
0	2.100625	0	0.768657296	0	0
0	2.101875	0	0.767693369	0	0
0	2.103125	0	0.766727438	0	0
0	2.104375	0	0.765759503	0	0
0	2.105625	0	0.764789564	0	0
0	2.106875	0	0.763817621	0	0
0	2.108125	0	0.762843675	0	0
0	2.109375	0	0.761867724	0	0
0	2.110625	0	0.760889769	0	0
0	2.111875	0	0.75990981	0	0
0	2.113125	0	0.758927847	0	0
0	2.114375	0	0.75794388	0	0
0	2.115625	0	0.756957909	0	0
0	2.116875	0	0.755969934	0	0
0	2.118125	0	0.754979955	0	0
0	2.119375	0	0.753987972	0	0
0	2.120625	0	0.752993985	0	0
0	2.121875	0	0.751997994	0	0
0	2.123125	0	0.750999999	0	0
0	2.124375	0	0.75	0	0
0	2.125625	0	0.748997997	0	0
0	2.126875	0	0.74799399	0	0
0	2.128125	0	0.746987979	0	0
0	2.129375	0	0.745979964	0	0
0	2.130625	0	0.744969945	0	0
0	2.131875	0	0.743957922	0	0
0	2.133125	0	0.742943895	0	0
0	2.134375	0	0.741927864	0	0
0	2.135625	0	0.740909829	0	0
0	2.136875	0	0.73988979	0	0
0	2.138125	0	0.738867747	0	0
0	2.139375	0	0.7378437	0	0
0	2.140625	0	0.736817648	0	0
0	2.141875	0	0.735789593	0	0
0	2.143125	0	0.734759534	0	0
0	2.144375	0	0.733727471	0	0
0	2.145625	0	0.732693404	0	0
0	2.146875	0	0.731657333	0	0
0	2.148125	0	0.730619258	0	0
0	2.149375	0	0.729579179	0	0
0	2.150625	0	0.728537096	0	0
0	2.151875	0	0.727493009	0	0
0	2.153125	0	0.726446917	0	0
0	2.154375	0	0.725398822	0	0
0	2.155625	0	0.724348723	0	0
0	2.156875	0	0.72329662	0	0
0	2.158125	0	0.722242513	0	0
0	2.159375	0	0.721186402	0	0
0	2.160625	0	0.720128286	0	0
0	2.161875	0	0.719068167	0	0
0	2.163125	0	0.718006044	0	0
0	2.164375	0	0.716941917	0	0
0	2.165625	0	0.715875786	0	0
0	2.166875	0	0.71480765	0	0
0	2.168125	0	0.713737511	0	0
0	2.169375	0	0.712665368	0	0
0	2.170625	0	0.711591221	0	0
0	2.171875	0	0.71051507	0	0
0	2.173125	0	0.709436914	0	0
0	2.174375	0	0.708356755	0	0
0	2.175625	0	0.707274592	0	0
0	2.176875	0	0.706190425	0	0
0	2.178125	0	0.705104253	0	0
0	2.179375	0	0.704016078	0	0
0	2.180625	0	0.702925899	0	0
0	2.181875	0	0.701833716	0	0
0	2.183125	0	0.700739528	0	0
0	2.184375	0	0.699643337	0	0
0	2.185625	0	0.698545142	0	0
0	2.186875	0	0.697444942	0	0
0	2.188125	0	0.696342739	0	0
0	2.189375	0	0.695238532	0	0
0	2.190625	0	0.694132321	0	0
0	2.191875	0	0.693024105	0	0
0	2.193125	0	0.691913886	0	0
0	2.194375	0	0.690801663	0	0
0	2.195625	0	0.689687435	0	0
0	2.196875	0	0.688571204	0	0
0	2.198125	0	0.687452968	0	0
0	2.199375	0	0.686332729	0	0
0	2.200625	0	0.685210486	0	0
0	2.201875	0	0.684086238	0	0
0	2.203125	0	0.682959987	0	0
0	2.204375	0	0.681831732	0	0
0	2.205625	0	0.680701472	0	0
0	2.206875	0	0.679569209	0	0
0	2.208125	0	0.678434941	0	0
0	2.209375	0	0.67729867	0	0
0	2.210625	0	0.676160395	0	0
0	2.211875	0	0.675020115	0	0
0	2.213125	0	0.673877832	0	0
0	2.214375	0	0.672733544	0	0
0	2.215625	0	0.671587253	0	0
0	2.216875	0	0.670438957	0	0
0	2.218125	0	0.669288658	0	0
0	2.219375	0	0.668136355	0	0
0	2.220625	0	0.666982047	0	0
0	2.221875	0	0.665825736	0	0
0	2.223125	0	0.66466742	0	0
0	2.224375	0	0.663507101	0	0
0	2.225625	0	0.662344777	0	0
0	2.226875	0	0.66118045	0	0
0	2.228125	0	0.660014118	0	0
0	2.229375	0	0.658845783	0	0
0	2.230625	0	0.657675443	0	0
0	2.231875	0	0.6565031	0	0
0	2.233125	0	0.655328752	0	0
0	2.234375	0	0.654152401	0	0
0	2.235625	0	0.652974045	0	0
0	2.236875	0	0.651793686	0	0
0	2.238125	0	0.650611322	0	0
0	2.239375	0	0.649426954	0	0
0	2.240625	0	0.648240583	0	0
0	2.241875	0	0.647052207	0	0
0	2.243125	0	0.645861828	0	0
0	2.244375	0	0.644669444	0	0
0	2.245625	0	0.643475057	0	0
0	2.246875	0	0.642278665	0	0
0	2.248125	0	0.641080269	0	0
0	2.249375	0	0.63987987	0	0
0	2.250625	0	0.638677466	0	0
0	2.251875	0	0.637473059	0	0
0	2.253125	0	0.636266647	0	0
0	2.254375	0	0.635058231	0	0
0	2.255625	0	0.633847812	0	0
0	2.256875	0	0.632635388	0	0
0	2.258125	0	0.631420961	0	0
0	2.259375	0	0.630204529	0	0
0	2.260625	0	0.628986093	0	0
0	2.261875	0	0.627765654	0	0
0	2.263125	0	0.62654321	0	0
0	2.264375	0	0.625318762	0	0
0	2.265625	0	0.624092311	0	0
0	2.266875	0	0.622863855	0	0
0	2.268125	0	0.621633395	0	0
0	2.269375	0	0.620400931	0	0
0	2.270625	0	0.619166464	0	0
0	2.271875	0	0.617929992	0	0
0	2.273125	0	0.616691516	0	0
0	2.274375	0	0.615451037	0	0
0	2.275625	0	0.614208553	0	0
0	2.276875	0	0.612964065	0	0
0	2.278125	0	0.611717573	0	0
0	2.279375	0	0.610469078	0	0
0	2.280625	0	0.609218578	0	0
0	2.281875	0	0.607966074	0	0
0	2.283125	0	0.606711566	0	0
0	2.284375	0	0.605455055	0	0
0	2.285625	0	0.604196539	0	0
0	2.286875	0	0.602936019	0	0
0	2.288125	0	0.601673495	0	0
0	2.289375	0	0.600408968	0	0
0	2.290625	0	0.599142436	0	0
0	2.291875	0	0.5978739	0	0
0	2.293125	0	0.59660336	0	0
0	2.294375	0	0.595330816	0	0
0	2.295625	0	0.594056268	0	0
0	2.296875	0	0.592779717	0	0
0	2.298125	0	0.591501161	0	0
0	2.299375	0	0.590220601	0	0
0	2.300625	0	0.588938037	0	0
0	2.301875	0	0.587653469	0	0
0	2.303125	0	0.586366897	0	0
0	2.304375	0	0.585078322	0	0
0	2.305625	0	0.583787742	0	0
0	2.306875	0	0.582495158	0	0
0	2.308125	0	0.58120057	0	0
0	2.309375	0	0.579903978	0	0
0	2.310625	0	0.578605382	0	0
0	2.311875	0	0.577304782	0	0
0	2.313125	0	0.576002178	0	0
0	2.314375	0	0.57469757	0	0
0	2.315625	0	0.573390959	0	0
0	2.316875	0	0.572082343	0	0
0	2.318125	0	0.570771723	0	0
0	2.319375	0	0.569459099	0	0
0	2.320625	0	0.568144471	0	0
0	2.321875	0	0.566827839	0	0
0	2.323125	0	0.565509203	0	0
0	2.324375	0	0.564188563	0	0
0	2.325625	0	0.562865919	0	0
0	2.326875	0	0.561541271	0	0
0	2.328125	0	0.560214619	0	0
0	2.329375	0	0.558885963	0	0
0	2.330625	0	0.557555303	0	0
0	2.331875	0	0.556222639	0	0
0	2.333125	0	0.554887971	0	0
0	2.334375	0	0.553551299	0	0
0	2.335625	0	0.552212623	0	0
0	2.336875	0	0.550871943	0	0
0	2.338125	0	0.549529259	0	0
0	2.339375	0	0.548184571	0	0
0	2.340625	0	0.546837879	0	0
0	2.341875	0	0.545489183	0	0
0	2.343125	0	0.544138483	0	0
0	2.344375	0	0.542785779	0	0
0	2.345625	0	0.541431071	0	0
0	2.346875	0	0.540074359	0	0
0	2.348125	0	0.538715643	0	0
0	2.349375	0	0.537354922	0	0
0	2.350625	0	0.535992198	0	0
0	2.351875	0	0.53462747	0	0
0	2.353125	0	0.533260738	0	0
0	2.354375	0	0.531892002	0	0
0	2.355625	0	0.530521262	0	0
0	2.356875	0	0.529148518	0	0
0	2.358125	0	0.52777377	0	0
0	2.359375	0	0.526397018	0	0
0	2.360625	0	0.525018262	0	0
0	2.361875	0	0.523637501	0	0
0	2.363125	0	0.522254737	0	0
0	2.364375	0	0.520869969	0	0
0	2.365625	0	0.519483197	0	0
0	2.366875	0	0.518094421	0	0
0	2.368125	0	0.516703641	0	0
0	2.369375	0	0.515310856	0	0
0	2.370625	0	0.513916068	0	0
0	2.371875	0	0.512519276	0	0
0	2.373125	0	0.51112048	0	0
0	2.374375	0	0.50971968	0	0
0	2.375625	0	0.508316875	0	0
0	2.376875	0	0.506912067	0	0
0	2.378125	0	0.505505255	0	0
0	2.379375	0	0.504096439	0	0
0	2.380625	0	0.502685619	0	0
0	2.381875	0	0.501272794	0	0
0	2.383125	0	0.499857966	0	0
0	2.384375	0	0.498441134	0	0
0	2.385625	0	0.497022298	0	0
0	2.386875	0	0.495601457	0	0
0	2.388125	0	0.494178613	0	0
0	2.389375	0	0.492753765	0	0
0	2.390625	0	0.491326912	0	0
0	2.391875	0	0.489898056	0	0
0	2.393125	0	0.488467196	0	0
0	2.394375	0	0.487034332	0	0
0	2.395625	0	0.485599463	0	0
0	2.396875	0	0.484162591	0	0
0	2.398125	0	0.482723715	0	0
0	2.399375	0	0.481282834	0	0
0	2.400625	0	0.47983995	0	0
0	2.401875	0	0.478395062	0	0
0	2.403125	0	0.476948169	0	0
0	2.404375	0	0.475499273	0	0
0	2.405625	0	0.474048373	0	0
0	2.406875	0	0.472595468	0	0
0	2.408125	0	0.47114056	0	0
0	2.409375	0	0.469683648	0	0
0	2.410625	0	0.468224731	0	0
0	2.411875	0	0.466763811	0	0
0	2.413125	0	0.465300886	0	0
0	2.414375	0	0.463835958	0	0
0	2.415625	0	0.462369026	0	0
0	2.416875	0	0.460900089	0	0
0	2.418125	0	0.459429149	0	0
0	2.419375	0	0.457956204	0	0
0	2.420625	0	0.456481256	0	0
0	2.421875	0	0.455004304	0	0
0	2.423125	0	0.453525347	0	0
0	2.424375	0	0.452044387	0	0
0	2.425625	0	0.450561422	0	0
0	2.426875	0	0.449076454	0	0
0	2.428125	0	0.447589481	0	0
0	2.429375	0	0.446100505	0	0
0	2.430625	0	0.444609524	0	0
0	2.431875	0	0.44311654	0	0
0	2.433125	0	0.441621551	0	0
0	2.434375	0	0.440124559	0	0
0	2.435625	0	0.438625562	0	0
0	2.436875	0	0.437124562	0	0
0	2.438125	0	0.435621557	0	0
0	2.439375	0	0.434116549	0	0
0	2.440625	0	0.432609536	0	0
0	2.441875	0	0.43110052	0	0
0	2.443125	0	0.429589499	0	0
0	2.444375	0	0.428076475	0	0
0	2.445625	0	0.426561446	0	0
0	2.446875	0	0.425044414	0	0
0	2.448125	0	0.423525377	0	0
0	2.449375	0	0.422004337	0	0
0	2.450625	0	0.420481292	0	0
0	2.451875	0	0.418956244	0	0
0	2.453125	0	0.417429191	0	0
0	2.454375	0	0.415900134	0	0
0	2.455625	0	0.414369074	0	0
0	2.456875	0	0.412836009	0	0
0	2.458125	0	0.411300941	0	0
0	2.459375	0	0.409763868	0	0
0	2.460625	0	0.408224791	0	0
0	2.461875	0	0.406683711	0	0
0	2.463125	0	0.405140626	0	0
0	2.464375	0	0.403595537	0	0
0	2.465625	0	0.402048445	0	0
0	2.466875	0	0.400499348	0	0
0	2.468125	0	0.398948248	0	0
0	2.469375	0	0.397395143	0	0
0	2.470625	0	0.395840034	0	0
0	2.471875	0	0.394282922	0	0
0	2.473125	0	0.392723805	0	0
0	2.474375	0	0.391162684	0	0
0	2.475625	0	0.38959956	0	0
0	2.476875	0	0.388034431	0	0
0	2.478125	0	0.386467298	0	0
0	2.479375	0	0.384898161	0	0
0	2.480625	0	0.383327021	0	0
0	2.481875	0	0.381753876	0	0
0	2.483125	0	0.380178727	0	0
0	2.484375	0	0.378601575	0	0
0	2.485625	0	0.377022418	0	0
0	2.486875	0	0.375441257	0	0
0	2.488125	0	0.373858092	0	0
0	2.489375	0	0.372272924	0	0
0	2.490625	0	0.370685751	0	0
0	2.491875	0	0.369096574	0	0
0	2.493125	0	0.367505393	0	0
0	2.494375	0	0.365912209	0	0
0	2.495625	0	0.36431702	0	0
0	2.496875	0	0.362719827	0	0
0	2.498125	0	0.36112063	0	0
0	2.499375	0	0.359519429	0	0
0	2.500625	0	0.357916225	0	0
0	2.501875	0	0.356311016	0	0
0	2.503125	0	0.354703803	0	0
0	2.504375	0	0.353094586	0	0
0	2.505625	0	0.351483365	0	0
0	2.506875	0	0.34987014	0	0
0	2.508125	0	0.348254912	0	0
0	2.509375	0	0.346637679	0	0
0	2.510625	0	0.345018442	0	0
0	2.511875	0	0.343397201	0	0
0	2.513125	0	0.341773956	0	0
0	2.514375	0	0.340148707	0	0
0	2.515625	0	0.338521454	0	0
0	2.516875	0	0.336892198	0	0
0	2.518125	0	0.335260937	0	0
0	2.519375	0	0.333627672	0	0
0	2.520625	0	0.331992403	0	0
0	2.521875	0	0.33035513	0	0
0	2.523125	0	0.328715853	0	0
0	2.524375	0	0.327074572	0	0
0	2.525625	0	0.325431287	0	0
0	2.526875	0	0.323785998	0	0
0	2.528125	0	0.322138705	0	0
0	2.529375	0	0.320489408	0	0
0	2.530625	0	0.318838107	0	0
0	2.531875	0	0.317184802	0	0
0	2.533125	0	0.315529493	0	0
0	2.534375	0	0.31387218	0	0
0	2.535625	0	0.312212864	0	0
0	2.536875	0	0.310551543	0	0
0	2.538125	0	0.308888218	0	0
0	2.539375	0	0.307222889	0	0
0	2.540625	0	0.305555556	0	0
0	2.541875	0	0.303886219	0	0
0	2.543125	0	0.302214878	0	0
0	2.544375	0	0.300541533	0	0
0	2.545625	0	0.298866184	0	0
0	2.546875	0	0.29718883	0	0
0	2.548125	0	0.295509473	0	0
0	2.549375	0	0.293828112	0	0
0	2.550625	0	0.292144747	0	0
0	2.551875	0	0.290459378	0	0
0	2.553125	0	0.288772005	0	0
0	2.554375	0	0.287082628	0	0
0	2.555625	0	0.285391247	0	0
0	2.556875	0	0.283697862	0	0
0	2.558125	0	0.282002473	0	0
0	2.559375	0	0.28030508	0	0
0	2.560625	0	0.278605683	0	0
0	2.561875	0	0.276904282	0	0
0	2.563125	0	0.275200877	0	0
0	2.564375	0	0.273495467	0	0
0	2.565625	0	0.271788054	0	0
0	2.566875	0	0.270078637	0	0
0	2.568125	0	0.268367216	0	0
0	2.569375	0	0.266653791	0	0
0	2.570625	0	0.264938362	0	0
0	2.571875	0	0.263220929	0	0
0	2.573125	0	0.261501491	0	0
0	2.574375	0	0.25978005	0	0
0	2.575625	0	0.258056605	0	0
0	2.576875	0	0.256331156	0	0
0	2.578125	0	0.254603703	0	0
0	2.579375	0	0.252874246	0	0
0	2.580625	0	0.251142784	0	0
0	2.581875	0	0.249409319	0	0
0	2.583125	0	0.24767385	0	0
0	2.584375	0	0.245936377	0	0
0	2.585625	0	0.2441969	0	0
0	2.586875	0	0.242455418	0	0
0	2.588125	0	0.240711933	0	0
0	2.589375	0	0.238966444	0	0
0	2.590625	0	0.237218951	0	0
0	2.591875	0	0.235469453	0	0
0	2.593125	0	0.233717952	0	0
0	2.594375	0	0.231964447	0	0
0	2.595625	0	0.230208938	0	0
0	2.596875	0	0.228451424	0	0
0	2.598125	0	0.226691907	0	0
0	2.599375	0	0.224930386	0	0
0	2.600625	0	0.223166861	0	0
0	2.601875	0	0.221401331	0	0
0	2.603125	0	0.219633798	0	0
0	2.604375	0	0.217864261	0	0
0	2.605625	0	0.216092719	0	0
0	2.606875	0	0.214319174	0	0
0	2.608125	0	0.212543625	0	0
0	2.609375	0	0.210766071	0	0
0	2.610625	0	0.208986514	0	0
0	2.611875	0	0.207204953	0	0
0	2.613125	0	0.205421387	0	0
0	2.614375	0	0.203635818	0	0
0	2.615625	0	0.201848245	0	0
0	2.616875	0	0.200058667	0	0
0	2.618125	0	0.198267086	0	0
0	2.619375	0	0.196473501	0	0
0	2.620625	0	0.194677911	0	0
0	2.621875	0	0.192880318	0	0
0	2.623125	0	0.19108072	0	0
0	2.624375	0	0.189279119	0	0
0	2.625625	0	0.187475514	0	0
0	2.626875	0	0.185669904	0	0
0	2.628125	0	0.183862291	0	0
0	2.629375	0	0.182052673	0	0
0	2.630625	0	0.180241052	0	0
0	2.631875	0	0.178427426	0	0
0	2.633125	0	0.176611797	0	0
0	2.634375	0	0.174794164	0	0
0	2.635625	0	0.172974526	0	0
0	2.636875	0	0.171152885	0	0
0	2.638125	0	0.169329239	0	0
0	2.639375	0	0.16750359	0	0
0	2.640625	0	0.165675936	0	0
0	2.641875	0	0.163846279	0	0
0	2.643125	0	0.162014617	0	0
0	2.644375	0	0.160180952	0	0
0	2.645625	0	0.158345282	0	0
0	2.646875	0	0.156507609	0	0
0	2.648125	0	0.154667931	0	0
0	2.649375	0	0.15282625	0	0
0	2.650625	0	0.150982564	0	0
0	2.651875	0	0.149136875	0	0
0	2.653125	0	0.147289181	0	0
0	2.654375	0	0.145439484	0	0
0	2.655625	0	0.143587782	0	0
0	2.656875	0	0.141734076	0	0
0	2.658125	0	0.139878367	0	0
0	2.659375	0	0.138020653	0	0
0	2.660625	0	0.136160936	0	0
0	2.661875	0	0.134299214	0	0
0	2.663125	0	0.132435489	0	0
0	2.664375	0	0.130569759	0	0
0	2.665625	0	0.128702025	0	0
0	2.666875	0	0.126832288	0	0
0	2.668125	0	0.124960546	0	0
0	2.669375	0	0.123086801	0	0
0	2.670625	0	0.121211051	0	0
0	2.671875	0	0.119333297	0	0
0	2.673125	0	0.11745354	0	0
0	2.674375	0	0.115571778	0	0
0	2.675625	0	0.113688012	0	0
0	2.676875	0	0.111802243	0	0
0	2.678125	0	0.109914469	0	0
0	2.679375	0	0.108024691	0	0
0	2.680625	0	0.10613291	0	0
0	2.681875	0	0.104239124	0	0
0	2.683125	0	0.102343334	0	0
0	2.684375	0	0.100445541	0	0
0	2.685625	0	0.098545743	0	0
0	2.686875	0	0.096643941	0	0
0	2.688125	0	0.094740136	0	0
0	2.689375	0	0.092834326	0	0
0	2.690625	0	0.090926512	0	0
0	2.691875	0	0.089016694	0	0
0	2.693125	0	0.087104873	0	0
0	2.694375	0	0.085191047	0	0
0	2.695625	0	0.083275217	0	0
0	2.696875	0	0.081357383	0	0
0	2.698125	0	0.079437546	0	0
0	2.699375	0	0.077515704	0	0
0	2.700625	0	0.075591858	0	0
0	2.701875	0	0.073666008	0	0
0	2.703125	0	0.071738155	0	0
0	2.704375	0	0.069808297	0	0
0	2.705625	0	0.067876435	0	0
0	2.706875	0	0.065942569	0	0
0	2.708125	0	0.064006699	0	0
0	2.709375	0	0.062068826	0	0
0	2.710625	0	0.060128948	0	0
0	2.711875	0	0.058187066	0	0
0	2.713125	0	0.05624318	0	0
0	2.714375	0	0.05429729	0	0
0	2.715625	0	0.052349396	0	0
0	2.716875	0	0.050399499	0	0
0	2.718125	0	0.048447597	0	0
0	2.719375	0	0.046493691	0	0
0	2.720625	0	0.044537781	0	0
0	2.721875	0	0.042579867	0	0
0	2.723125	0	0.040619949	0	0
0	2.724375	0	0.038658027	0	0
0	2.725625	0	0.036694102	0	0
0	2.726875	0	0.034728172	0	0
0	2.728125	0	0.032760238	0	0
0	2.729375	0	0.0307903	0	0
0	2.730625	0	0.028818358	0	0
0	2.731875	0	0.026844412	0	0
0	2.733125	0	0.024868462	0	0
0	2.734375	0	0.022890508	0	0
0	2.735625	0	0.02091055	0	0
0	2.736875	0	0.018928588	0	0
0	2.738125	0	0.016944622	0	0
0	2.739375	0	0.014958652	0	0
0	2.740625	0	0.012970678	0	0
0	2.741875	0	0.0109807	0	0
0	2.743125	0	0.008988718	0	0
0	2.744375	0	0.006994732	0	0
0	2.745625	0	0.004998742	0	0
0	2.746875	0	0.003000748	0	0
0	2.748125	0	0.001000751	0	0
0	2.749375	0	-0.001001252	0	0
