0	0	0
0.0025	-0.000440817	0
0.005	-0.000881635	0
0.0075	-0.001322452	0
0.01	-0.00176327	0
0.0125	-0.002204087	0
0.015	-0.002644905	0
0.0175	-0.003085722	0
0.02	-0.00352654	0
0.0225	-0.003967357	0
0.025	-0.004408175	0
0.0275	-0.004848992	0
0.03	-0.005289809	0
0.0325	-0.005730627	0
0.035	-0.006171444	0
0.0375	-0.006612262	0
0.04	-0.007053079	0
0.0425	-0.007493897	0
0.045	-0.007934714	0
0.0475	-0.008375532	0
0.05	-0.008816349	0
0.0525	-0.009257166	0
0.055	-0.009697984	0
0.0575	-0.010138801	0
0.06	-0.010579619	0
0.0625	-0.011020436	0
0.065	-0.011461254	0
0.0675	-0.011902071	0
0.07	-0.012342889	0
0.0725	-0.012783706	0
0.075	-0.013224524	0
0.0775	-0.013665341	0
0.08	-0.014106158	0
0.0825	-0.014546976	0
0.085	-0.014987793	0
0.0875	-0.015428611	0
0.09	-0.015869428	0
0.0925	-0.016310246	0
0.095	-0.016751063	0
0.0975	-0.017191881	0
0.1	-0.017632698	0
0.1025	-0.018073516	0
0.105	-0.018514333	0
0.1075	-0.01895515	0
0.11	-0.019395968	0
0.1125	-0.019836785	0
0.115	-0.020277603	0
0.1175	-0.02071842	0
0.12	-0.021159238	0
0.1225	-0.021600055	0
0.125	-0.022040873	0
0.1275	-0.02248169	0
0.13	-0.022922507	0
0.1325	-0.023363325	0
0.135	-0.023804142	0
0.1375	-0.02424496	0
0.14	-0.024685777	0
0.1425	-0.025126595	0
0.145	-0.025567412	0
0.1475	-0.02600823	0
0.15	-0.026449047	0
0.1525	-0.026889865	0
0.155	-0.027330682	0
0.1575	-0.027771499	0
0.16	-0.028212317	0
0.1625	-0.028653134	0
0.165	-0.029093952	0
0.1675	-0.029534769	0
0.17	-0.029975587	0
0.1725	-0.030416404	0
0.175	-0.030857222	0
0.1775	-0.031298039	0
0.18	-0.031738857	0
0.1825	-0.032179674	0
0.185	-0.032620491	0
0.1875	-0.033061309	0
0.19	-0.033502126	0
0.1925	-0.033942944	0
0.195	-0.034383761	0
0.1975	-0.034824579	0
0.2	-0.035265396	0
0.2025	-0.035706214	0
0.205	-0.036147031	0
0.2075	-0.036587848	0
0.21	-0.037028666	0
0.2125	-0.037469483	0
0.215	-0.037910301	0
0.2175	-0.038351118	0
0.22	-0.038791936	0
0.2225	-0.039232753	0
0.225	-0.039673571	0
0.2275	-0.040114388	0
0.23	-0.040555206	0
0.2325	-0.040996023	0
0.235	-0.04143684	0
0.2375	-0.041877658	0
0.24	-0.042318475	0
0.2425	-0.042759293	0
0.245	-0.04320011	0
0.2475	-0.043640928	0
0.25	-0.044081745	0
0.2525	-0.044522563	0
0.255	-0.04496338	0
0.2575	-0.045404198	0
0.26	-0.045845015	0
0.2625	-0.046285832	0
0.265	-0.04672665	0
0.2675	-0.047167467	0
0.27	-0.047608285	0
0.2725	-0.048049102	0
0.275	-0.04848992	0
0.2775	-0.048930737	0
0.28	-0.049371555	0
0.2825	-0.049812372	0
0.285	-0.05025319	0
0.2875	-0.050694007	0
0.29	-0.051134824	0
0.2925	-0.051575642	0
0.295	-0.052016459	0
0.2975	-0.052457277	0
0.3	-0.052898094	0
0.3025	-0.053338912	0
0.305	-0.053779729	0
0.3075	-0.054220547	0
0.31	-0.054661364	0
0.3125	-0.055102181	0
0.315	-0.055542999	0
0.3175	-0.055983816	0
0.32	-0.056424634	0
0.3225	-0.056865451	0
0.325	-0.057306269	0
0.3275	-0.057747086	0
0.33	-0.058187904	0
0.3325	-0.058628721	0
0.335	-0.059069539	0
0.3375	-0.059510356	0
0.34	-0.059951173	0
0.3425	-0.060391991	0
0.345	-0.060832808	0
0.3475	-0.061273626	0
0.35	-0.061714443	0
0.3525	-0.062155261	0
0.355	-0.062596078	0
0.3575	-0.063036896	0
0.36	-0.063477713	0
0.3625	-0.063918531	0
0.365	-0.064359348	0
0.3675	-0.064800165	0
0.37	-0.065240983	0
0.3725	-0.0656818	0
0.375	-0.066122618	0
0.3775	-0.066563435	0
0.38	-0.067004253	0
0.3825	-0.06744507	0
0.385	-0.067885888	0
0.3875	-0.068326705	0
0.39	-0.068767522	0
0.3925	-0.06920834	0
0.395	-0.069649157	0
0.3975	-0.070089975	0
0.4	-0.070530792	0
0.4025	-0.07097161	0
0.405	-0.071412427	0
0.4075	-0.071853245	0
0.41	-0.072294062	0
0.4125	-0.07273488	0
0.415	-0.073175697	0
0.4175	-0.073616514	0
0.42	-0.074057332	0
0.4225	-0.074498149	0
0.425	-0.074938967	0
0.4275	-0.075379784	0
0.43	-0.075820602	0
0.4325	-0.076261419	0
0.435	-0.076702237	0
0.4375	-0.077143054	0
0.44	-0.077583872	0
0.4425	-0.078024689	0
0.445	-0.078465506	0
0.4475	-0.078906324	0
0.45	-0.079347141	0
0.4525	-0.079787959	0
0.455	-0.080228776	0
0.4575	-0.080669594	0
0.46	-0.081110411	0
0.4625	-0.081551229	0
0.465	-0.081992046	0
0.4675	-0.082432863	0
0.47	-0.082873681	0
0.4725	-0.083314498	0
0.475	-0.083755316	0
0.4775	-0.084196133	0
0.48	-0.084636951	0
0.4825	-0.085077768	0
0.485	-0.085518586	0
0.4875	-0.085959403	0
0.49	-0.086400221	0
0.4925	-0.086841038	0
0.495	-0.087281855	0
0.4975	-0.087722673	0
0.5	-0.08816349	0
0.5025	-0.088604308	0
0.505	-0.089045125	0
0.5075	-0.089485943	0
0.51	-0.08992676	0
0.5125	-0.090367578	0
0.515	-0.090808395	0
0.5175	-0.091249213	0
0.52	-0.09169003	0
0.5225	-0.092130847	0
0.525	-0.092571665	0
0.5275	-0.093012482	0
0.53	-0.0934533	0
0.5325	-0.093894117	0
0.535	-0.094334935	0
0.5375	-0.094775752	0
0.54	-0.09521657	0
0.5425	-0.095657387	0
0.545	-0.096098204	0
0.5475	-0.096539022	0
0.55	-0.096979839	0
0.5525	-0.097420657	0
0.555	-0.097861474	0
0.5575	-0.098302292	0
0.56	-0.098743109	0
0.5625	-0.099183927	0
0.565	-0.099624744	0
0.5675	-0.100065562	0
0.57	-0.100506379	0
0.5725	-0.100947196	0
0.575	-0.101388014	0
0.5775	-0.101828831	0
0.58	-0.102269649	0
0.5825	-0.102710466	0
0.585	-0.103151284	0
0.5875	-0.103592101	0
0.59	-0.104032919	0
0.5925	-0.104473736	0
0.595	-0.104914554	0
0.5975	-0.105355371	0
0.6	-0.105796188	0
0.6025	-0.106237006	0
0.605	-0.106677823	0
0.6075	-0.107118641	0
0.61	-0.107559458	0
0.6125	-0.108000276	0
0.615	-0.108441093	0
0.6175	-0.108881911	0
0.62	-0.109322728	0
0.6225	-0.109763545	0
0.625	-0.110204363	0
0.6275	-0.11064518	0
0.63	-0.111085998	0
0.6325	-0.111526815	0
0.635	-0.111967633	0
0.6375	-0.11240845	0
0.64	-0.112849268	0
0.6425	-0.113290085	0
0.645	-0.113730903	0
0.6475	-0.11417172	0
0.65	-0.114612537	0
0.6525	-0.115053355	0
0.655	-0.115494172	0
0.6575	-0.11593499	0
0.66	-0.116375807	0
0.6625	-0.116816625	0
0.665	-0.117257442	0
0.6675	-0.11769826	0
0.67	-0.118139077	0
0.6725	-0.118579895	0
0.675	-0.119020712	0
0.6775	-0.119461529	0
0.68	-0.119902347	0
0.6825	-0.120343164	0
0.685	-0.120783982	0
0.6875	-0.121224799	0
0.69	-0.121665617	0
0.6925	-0.122106434	0
0.695	-0.122547252	0
0.6975	-0.122988069	0
0.7	-0.123428886	0
0.7025	-0.123869704	0
0.705	-0.124310521	0
0.7075	-0.124751339	0
0.71	-0.125192156	0
0.7125	-0.125632974	0
0.715	-0.126073791	0
0.7175	-0.126514609	0
0.72	-0.126955426	0
0.7225	-0.127396244	0
0.725	-0.127837061	0
0.7275	-0.128277878	0
0.73	-0.128718696	0
0.7325	-0.129159513	0
0.735	-0.129600331	0
0.7375	-0.130041148	0
0.74	-0.130481966	0
0.7425	-0.130922783	0
0.745	-0.131363601	0
0.7475	-0.131804418	0
0.75	-0.132245236	0
0.7525	-0.132686053	0
0.755	-0.13312687	0
0.7575	-0.133567688	0
0.76	-0.134008505	0
0.7625	-0.134449323	0
0.765	-0.13489014	0
0.7675	-0.135330958	0
0.77	-0.135771775	0
0.7725	-0.136212593	0
0.775	-0.13665341	0
0.7775	-0.137094228	0
0.78	-0.137535045	0
0.7825	-0.137975862	0
0.785	-0.13841668	0
0.7875	-0.138857497	0
0.79	-0.139298315	0
0.7925	-0.139739132	0
0.795	-0.14017995	0
0.7975	-0.140620767	0
0.8	-0.141061585	0
0.8025	-0.141502402	0
0.805	-0.141943219	0
0.8075	-0.142384037	0
0.81	-0.142824854	0
0.8125	-0.143265672	0
0.815	-0.143706489	0
0.8175	-0.144147307	0
0.82	-0.144588124	0
0.8225	-0.145028942	0
0.825	-0.145469759	0
0.8275	-0.145910577	0
0.83	-0.146351394	0
0.8325	-0.146792211	0
0.835	-0.147233029	0
0.8375	-0.147673846	0
0.84	-0.148114664	0
0.8425	-0.148555481	0
0.845	-0.148996299	0
0.8475	-0.149437116	0
0.85	-0.149877934	0
0.8525	-0.150318751	0
0.855	-0.150759569	0
0.8575	-0.151200386	0
0.86	-0.151641203	0
0.8625	-0.152082021	0
0.865	-0.152522838	0
0.8675	-0.152963656	0
0.87	-0.153404473	0
0.8725	-0.153845291	0
0.875	-0.154286108	0
0.8775	-0.154726926	0
0.88	-0.155167743	0
0.8825	-0.15560856	0
0.885	-0.156049378	0
0.8875	-0.156490195	0
0.89	-0.156931013	0
0.8925	-0.15737183	0
0.895	-0.157812648	0
0.8975	-0.158253465	0
0.9	-0.158694283	0
0.9025	-0.1591351	0
0.905	-0.159575918	0
0.9075	-0.160016735	0
0.91	-0.160457552	0
0.9125	-0.16089837	0
0.915	-0.161339187	0
0.9175	-0.161780005	0
0.92	-0.162220822	0
0.9225	-0.16266164	0
0.925	-0.163102457	0
0.9275	-0.163543275	0
0.93	-0.163984092	0
0.9325	-0.16442491	0
0.935	-0.164865727	0
0.9375	-0.165306544	0
0.94	-0.165747362	0
0.9425	-0.166188179	0
0.945	-0.166628997	0
0.9475	-0.167069814	0
0.95	-0.167510632	0
0.9525	-0.167951449	0
0.955	-0.168392267	0
0.9575	-0.168833084	0
0.96	-0.169273901	0
0.9625	-0.169714719	0
0.965	-0.170155536	0
0.9675	-0.170596354	0
0.97	-0.171037171	0
0.9725	-0.171477989	0
0.975	-0.171918806	0
0.9775	-0.172359624	0
0.98	-0.172800441	0
0.9825	-0.173241259	0
0.985	-0.173682076	0
0.9875	-0.174122893	0
0.99	-0.174563711	0
0.9925	-0.175004528	0
0.995	-0.175445346	0
0.9975	-0.175886163	0
1	-0.176326981	0
