10.6	10.6	19.25
10.6	11.278	19.25
10.6	11.955	19.25
10.6	12.633	19.25
10.6	13.31	19.25
10.6	13.988	19.25
10.6	14.666	19.25
10.6	15.343	19.25
10.6	16.021	19.25
10.6	16.698	19.25
10.6	17.376	19.25
10.6	18.053	19.25
10.6	18.731	19.25
10.6	19.409	19.25
10.6	20.086	19.25
10.6	20.764	19.25
10.6	21.441	19.25
10.6	22.119	19.25
10.6	22.797	19.25
10.6	23.474	19.25
10.6	24.152	19.25
10.6	24.829	19.25
10.6	25.507	19.25
10.6	26.184	19.25
10.6	26.862	19.25
10.6	27.54	19.25
10.6	28.217	19.25
10.6	28.895	19.25
10.6	29.572	19.25
10.6	30.25	19.25
11.278	10.6	19.25
11.278	11.278	19.25
11.278	11.955	19.25
11.278	12.633	19.25
11.278	13.31	19.25
11.278	13.988	19.25
11.278	14.666	19.25
11.278	15.343	19.25
11.278	16.021	19.25
11.278	16.698	19.25
11.278	17.376	19.25
11.278	18.053	19.25
11.278	18.731	19.25
11.278	19.409	19.25
11.278	20.086	19.25
11.278	20.764	19.25
11.278	21.441	19.25
11.278	22.119	19.25
11.278	22.797	19.25
11.278	23.474	19.25
11.278	24.152	19.25
11.278	24.829	19.25
11.278	25.507	19.25
11.278	26.184	19.25
11.278	26.862	19.25
11.278	27.54	19.25
11.278	28.217	19.25
11.278	28.895	19.25
11.278	29.572	19.25
11.278	30.25	19.25
11.955	10.6	19.25
11.955	11.278	19.25
11.955	11.955	19.25
11.955	12.633	19.25
11.955	13.31	19.25
11.955	13.988	19.25
11.955	14.666	19.25
11.955	15.343	19.25
11.955	16.021	19.25
11.955	16.698	19.25
11.955	17.376	19.25
11.955	18.053	19.25
11.955	18.731	19.25
11.955	19.409	19.25
11.955	20.086	19.25
11.955	20.764	19.25
11.955	21.441	19.25
11.955	22.119	19.25
11.955	22.797	19.25
11.955	23.474	19.25
11.955	24.152	19.25
11.955	24.829	19.25
11.955	25.507	19.25
11.955	26.184	19.25
11.955	26.862	19.25
11.955	27.54	19.25
11.955	28.217	19.25
11.955	28.895	19.25
11.955	29.572	19.25
11.955	30.25	19.25
12.633	10.6	19.25
12.633	11.278	19.25
12.633	11.955	19.25
12.633	12.633	19.25
12.633	13.31	19.25
12.633	13.988	19.25
12.633	14.666	19.25
12.633	15.343	19.25
12.633	16.021	19.25
12.633	16.698	19.25
12.633	17.376	19.25
12.633	18.053	19.25
12.633	18.731	19.25
12.633	19.409	19.25
12.633	20.086	19.25
12.633	20.764	19.25
12.633	21.441	19.25
12.633	22.119	19.25
12.633	22.797	19.25
12.633	23.474	19.25
12.633	24.152	19.25
12.633	24.829	19.25
12.633	25.507	19.25
12.633	26.184	19.25
12.633	26.862	19.25
12.633	27.54	19.25
12.633	28.217	19.25
12.633	28.895	19.25
12.633	29.572	19.25
12.633	30.25	19.25
13.31	10.6	19.25
13.31	11.278	19.25
13.31	11.955	19.25
13.31	12.633	19.25
13.31	13.31	19.25
13.31	13.988	19.25
13.31	14.666	19.25
13.31	15.343	19.25
13.31	16.021	19.25
13.31	16.698	19.25
13.31	17.376	19.25
13.31	18.053	19.25
13.31	18.731	19.25
13.31	19.409	19.25
13.31	20.086	19.25
13.31	20.764	19.25
13.31	21.441	19.25
13.31	22.119	19.25
13.31	22.797	19.25
13.31	23.474	19.25
13.31	24.152	19.25
13.31	24.829	19.25
13.31	25.507	19.25
13.31	26.184	19.25
13.31	26.862	19.25
13.31	27.54	19.25
13.31	28.217	19.25
13.31	28.895	19.25
13.31	29.572	19.25
13.31	30.25	19.25
13.988	10.6	19.25
13.988	11.278	19.25
13.988	11.955	19.25
13.988	12.633	19.25
13.988	13.31	19.25
13.988	13.988	19.25
13.988	14.666	19.25
13.988	15.343	19.25
13.988	16.021	19.25
13.988	16.698	19.25
13.988	17.376	19.25
13.988	18.053	19.25
13.988	18.731	19.25
13.988	19.409	19.25
13.988	20.086	19.25
13.988	20.764	19.25
13.988	21.441	19.25
13.988	22.119	19.25
13.988	22.797	19.25
13.988	23.474	19.25
13.988	24.152	19.25
13.988	24.829	19.25
13.988	25.507	19.25
13.988	26.184	19.25
13.988	26.862	19.25
13.988	27.54	19.25
13.988	28.217	19.25
13.988	28.895	19.25
13.988	29.572	19.25
13.988	30.25	19.25
14.666	10.6	19.25
14.666	11.278	19.25
14.666	11.955	19.25
14.666	12.633	19.25
14.666	13.31	19.25
14.666	13.988	19.25
14.666	14.666	19.25
14.666	15.343	19.25
14.666	16.021	19.25
14.666	16.698	19.25
14.666	17.376	19.25
14.666	18.053	19.25
14.666	18.731	19.25
14.666	19.409	19.25
14.666	20.086	19.25
14.666	20.764	19.25
14.666	21.441	19.25
14.666	22.119	19.25
14.666	22.797	19.25
14.666	23.474	19.25
14.666	24.152	19.25
14.666	24.829	19.25
14.666	25.507	19.25
14.666	26.184	19.25
14.666	26.862	19.25
14.666	27.54	19.25
14.666	28.217	19.25
14.666	28.895	19.25
14.666	29.572	19.25
14.666	30.25	19.25
15.343	10.6	19.25
15.343	11.278	19.25
15.343	11.955	19.25
15.343	12.633	19.25
15.343	13.31	19.25
15.343	13.988	19.25
15.343	14.666	19.25
15.343	15.343	19.25
15.343	16.021	19.25
15.343	16.698	19.25
15.343	17.376	19.25
15.343	18.053	19.25
15.343	18.731	19.25
15.343	19.409	19.25
15.343	20.086	19.25
15.343	20.764	19.25
15.343	21.441	19.25
15.343	22.119	19.25
15.343	22.797	19.25
15.343	23.474	19.25
15.343	24.152	19.25
15.343	24.829	19.25
15.343	25.507	19.25
15.343	26.184	19.25
15.343	26.862	19.25
15.343	27.54	19.25
15.343	28.217	19.25
15.343	28.895	19.25
15.343	29.572	19.25
15.343	30.25	19.25
16.021	10.6	19.25
16.021	11.278	19.25
16.021	11.955	19.25
16.021	12.633	19.25
16.021	13.31	19.25
16.021	13.988	19.25
16.021	14.666	19.25
16.021	15.343	19.25
16.021	16.021	19.25
16.021	16.698	19.25
16.021	17.376	19.25
16.021	18.053	19.25
16.021	18.731	19.25
16.021	19.409	19.25
16.021	20.086	19.25
16.021	20.764	19.25
16.021	21.441	19.25
16.021	22.119	19.25
16.021	22.797	19.25
16.021	23.474	19.25
16.021	24.152	19.25
16.021	24.829	19.25
16.021	25.507	19.25
16.021	26.184	19.25
16.021	26.862	19.25
16.021	27.54	19.25
16.021	28.217	19.25
16.021	28.895	19.25
16.021	29.572	19.25
16.021	30.25	19.25
16.698	10.6	19.25
16.698	11.278	19.25
16.698	11.955	19.25
16.698	12.633	19.25
16.698	13.31	19.25
16.698	13.988	19.25
16.698	14.666	19.25
16.698	15.343	19.25
16.698	16.021	19.25
16.698	16.698	19.25
16.698	17.376	19.25
16.698	18.053	19.25
16.698	18.731	19.25
16.698	19.409	19.25
16.698	20.086	19.25
16.698	20.764	19.25
16.698	21.441	19.25
16.698	22.119	19.25
16.698	22.797	19.25
16.698	23.474	19.25
16.698	24.152	19.25
16.698	24.829	19.25
16.698	25.507	19.25
16.698	26.184	19.25
16.698	26.862	19.25
16.698	27.54	19.25
16.698	28.217	19.25
16.698	28.895	19.25
16.698	29.572	19.25
16.698	30.25	19.25
17.376	10.6	19.25
17.376	11.278	19.25
17.376	11.955	19.25
17.376	12.633	19.25
17.376	13.31	19.25
17.376	13.988	19.25
17.376	14.666	19.25
17.376	15.343	19.25
17.376	16.021	19.25
17.376	16.698	19.25
17.376	17.376	19.25
17.376	18.053	19.25
17.376	18.731	19.25
17.376	19.409	19.25
17.376	20.086	19.25
17.376	20.764	19.25
17.376	21.441	19.25
17.376	22.119	19.25
17.376	22.797	19.25
17.376	23.474	19.25
17.376	24.152	19.25
17.376	24.829	19.25
17.376	25.507	19.25
17.376	26.184	19.25
17.376	26.862	19.25
17.376	27.54	19.25
17.376	28.217	19.25
17.376	28.895	19.25
17.376	29.572	19.25
17.376	30.25	19.25
18.053	10.6	19.25
18.053	11.278	19.25
18.053	11.955	19.25
18.053	12.633	19.25
18.053	13.31	19.25
18.053	13.988	19.25
18.053	14.666	19.25
18.053	15.343	19.25
18.053	16.021	19.25
18.053	16.698	19.25
18.053	17.376	19.25
18.053	18.053	19.25
18.053	18.731	19.25
18.053	19.409	19.25
18.053	20.086	19.25
18.053	20.764	19.25
18.053	21.441	19.25
18.053	22.119	19.25
18.053	22.797	19.25
18.053	23.474	19.25
18.053	24.152	19.25
18.053	24.829	19.25
18.053	25.507	19.25
18.053	26.184	19.25
18.053	26.862	19.25
18.053	27.54	19.25
18.053	28.217	19.25
18.053	28.895	19.25
18.053	29.572	19.25
18.053	30.25	19.25
18.731	10.6	19.25
18.731	11.278	19.25
18.731	11.955	19.25
18.731	12.633	19.25
18.731	13.31	19.25
18.731	13.988	19.25
18.731	14.666	19.25
18.731	15.343	19.25
18.731	16.021	19.25
18.731	16.698	19.25
18.731	17.376	19.25
18.731	18.053	19.25
18.731	18.731	19.25
18.731	19.409	19.25
18.731	20.086	19.25
18.731	20.764	19.25
18.731	21.441	19.25
18.731	22.119	19.25
18.731	22.797	19.25
18.731	23.474	19.25
18.731	24.152	19.25
18.731	24.829	19.25
18.731	25.507	19.25
18.731	26.184	19.25
18.731	26.862	19.25
18.731	27.54	19.25
18.731	28.217	19.25
18.731	28.895	19.25
18.731	29.572	19.25
18.731	30.25	19.25
19.409	10.6	19.25
19.409	11.278	19.25
19.409	11.955	19.25
19.409	12.633	19.25
19.409	13.31	19.25
19.409	13.988	19.25
19.409	14.666	19.25
19.409	15.343	19.25
19.409	16.021	19.25
19.409	16.698	19.25
19.409	17.376	19.25
19.409	18.053	19.25
19.409	18.731	19.25
19.409	19.409	19.25
19.409	20.086	19.25
19.409	20.764	19.25
19.409	21.441	19.25
19.409	22.119	19.25
19.409	22.797	19.25
19.409	23.474	19.25
19.409	24.152	19.25
19.409	24.829	19.25
19.409	25.507	19.25
19.409	26.184	19.25
19.409	26.862	19.25
19.409	27.54	19.25
19.409	28.217	19.25
19.409	28.895	19.25
19.409	29.572	19.25
19.409	30.25	19.25
20.086	10.6	19.25
20.086	11.278	19.25
20.086	11.955	19.25
20.086	12.633	19.25
20.086	13.31	19.25
20.086	13.988	19.25
20.086	14.666	19.25
20.086	15.343	19.25
20.086	16.021	19.25
20.086	16.698	19.25
20.086	17.376	19.25
20.086	18.053	19.25
20.086	18.731	19.25
20.086	19.409	19.25
20.086	20.086	19.25
20.086	20.764	19.25
20.086	21.441	19.25
20.086	22.119	19.25
20.086	22.797	19.25
20.086	23.474	19.25
20.086	24.152	19.25
20.086	24.829	19.25
20.086	25.507	19.25
20.086	26.184	19.25
20.086	26.862	19.25
20.086	27.54	19.25
20.086	28.217	19.25
20.086	28.895	19.25
20.086	29.572	19.25
20.086	30.25	19.25
20.764	10.6	19.25
20.764	11.278	19.25
20.764	11.955	19.25
20.764	12.633	19.25
20.764	13.31	19.25
20.764	13.988	19.25
20.764	14.666	19.25
20.764	15.343	19.25
20.764	16.021	19.25
20.764	16.698	19.25
20.764	17.376	19.25
20.764	18.053	19.25
20.764	18.731	19.25
20.764	19.409	19.25
20.764	20.086	19.25
20.764	20.764	19.25
20.764	21.441	19.25
20.764	22.119	19.25
20.764	22.797	19.25
20.764	23.474	19.25
20.764	24.152	19.25
20.764	24.829	19.25
20.764	25.507	19.25
20.764	26.184	19.25
20.764	26.862	19.25
20.764	27.54	19.25
20.764	28.217	19.25
20.764	28.895	19.25
20.764	29.572	19.25
20.764	30.25	19.25
21.441	10.6	19.25
21.441	11.278	19.25
21.441	11.955	19.25
21.441	12.633	19.25
21.441	13.31	19.25
21.441	13.988	19.25
21.441	14.666	19.25
21.441	15.343	19.25
21.441	16.021	19.25
21.441	16.698	19.25
21.441	17.376	19.25
21.441	18.053	19.25
21.441	18.731	19.25
21.441	19.409	19.25
21.441	20.086	19.25
21.441	20.764	19.25
21.441	21.441	19.25
21.441	22.119	19.25
21.441	22.797	19.25
21.441	23.474	19.25
21.441	24.152	19.25
21.441	24.829	19.25
21.441	25.507	19.25
21.441	26.184	19.25
21.441	26.862	19.25
21.441	27.54	19.25
21.441	28.217	19.25
21.441	28.895	19.25
21.441	29.572	19.25
21.441	30.25	19.25
22.119	10.6	19.25
22.119	11.278	19.25
22.119	11.955	19.25
22.119	12.633	19.25
22.119	13.31	19.25
22.119	13.988	19.25
22.119	14.666	19.25
22.119	15.343	19.25
22.119	16.021	19.25
22.119	16.698	19.25
22.119	17.376	19.25
22.119	18.053	19.25
22.119	18.731	19.25
22.119	19.409	19.25
22.119	20.086	19.25
22.119	20.764	19.25
22.119	21.441	19.25
22.119	22.119	19.25
22.119	22.797	19.25
22.119	23.474	19.25
22.119	24.152	19.25
22.119	24.829	19.25
22.119	25.507	19.25
22.119	26.184	19.25
22.119	26.862	19.25
22.119	27.54	19.25
22.119	28.217	19.25
22.119	28.895	19.25
22.119	29.572	19.25
22.119	30.25	19.25
22.797	10.6	19.25
22.797	11.278	19.25
22.797	11.955	19.25
22.797	12.633	19.25
22.797	13.31	19.25
22.797	13.988	19.25
22.797	14.666	19.25
22.797	15.343	19.25
22.797	16.021	19.25
22.797	16.698	19.25
22.797	17.376	19.25
22.797	18.053	19.25
22.797	18.731	19.25
22.797	19.409	19.25
22.797	20.086	19.25
22.797	20.764	19.25
22.797	21.441	19.25
22.797	22.119	19.25
22.797	22.797	19.25
22.797	23.474	19.25
22.797	24.152	19.25
22.797	24.829	19.25
22.797	25.507	19.25
22.797	26.184	19.25
22.797	26.862	19.25
22.797	27.54	19.25
22.797	28.217	19.25
22.797	28.895	19.25
22.797	29.572	19.25
22.797	30.25	19.25
23.474	10.6	19.25
23.474	11.278	19.25
23.474	11.955	19.25
23.474	12.633	19.25
23.474	13.31	19.25
23.474	13.988	19.25
23.474	14.666	19.25
23.474	15.343	19.25
23.474	16.021	19.25
23.474	16.698	19.25
23.474	17.376	19.25
23.474	18.053	19.25
23.474	18.731	19.25
23.474	19.409	19.25
23.474	20.086	19.25
23.474	20.764	19.25
23.474	21.441	19.25
23.474	22.119	19.25
23.474	22.797	19.25
23.474	23.474	19.25
23.474	24.152	19.25
23.474	24.829	19.25
23.474	25.507	19.25
23.474	26.184	19.25
23.474	26.862	19.25
23.474	27.54	19.25
23.474	28.217	19.25
23.474	28.895	19.25
23.474	29.572	19.25
23.474	30.25	19.25
24.152	10.6	19.25
24.152	11.278	19.25
24.152	11.955	19.25
24.152	12.633	19.25
24.152	13.31	19.25
24.152	13.988	19.25
24.152	14.666	19.25
24.152	15.343	19.25
24.152	16.021	19.25
24.152	16.698	19.25
24.152	17.376	19.25
24.152	18.053	19.25
24.152	18.731	19.25
24.152	19.409	19.25
24.152	20.086	19.25
24.152	20.764	19.25
24.152	21.441	19.25
24.152	22.119	19.25
24.152	22.797	19.25
24.152	23.474	19.25
24.152	24.152	19.25
24.152	24.829	19.25
24.152	25.507	19.25
24.152	26.184	19.25
24.152	26.862	19.25
24.152	27.54	19.25
24.152	28.217	19.25
24.152	28.895	19.25
24.152	29.572	19.25
24.152	30.25	19.25
24.829	10.6	19.25
24.829	11.278	19.25
24.829	11.955	19.25
24.829	12.633	19.25
24.829	13.31	19.25
24.829	13.988	19.25
24.829	14.666	19.25
24.829	15.343	19.25
24.829	16.021	19.25
24.829	16.698	19.25
24.829	17.376	19.25
24.829	18.053	19.25
24.829	18.731	19.25
24.829	19.409	19.25
24.829	20.086	19.25
24.829	20.764	19.25
24.829	21.441	19.25
24.829	22.119	19.25
24.829	22.797	19.25
24.829	23.474	19.25
24.829	24.152	19.25
24.829	24.829	19.25
24.829	25.507	19.25
24.829	26.184	19.25
24.829	26.862	19.25
24.829	27.54	19.25
24.829	28.217	19.25
24.829	28.895	19.25
24.829	29.572	19.25
24.829	30.25	19.25
25.507	10.6	19.25
25.507	11.278	19.25
25.507	11.955	19.25
25.507	12.633	19.25
25.507	13.31	19.25
25.507	13.988	19.25
25.507	14.666	19.25
25.507	15.343	19.25
25.507	16.021	19.25
25.507	16.698	19.25
25.507	17.376	19.25
25.507	18.053	19.25
25.507	18.731	19.25
25.507	19.409	19.25
25.507	20.086	19.25
25.507	20.764	19.25
25.507	21.441	19.25
25.507	22.119	19.25
25.507	22.797	19.25
25.507	23.474	19.25
25.507	24.152	19.25
25.507	24.829	19.25
25.507	25.507	19.25
25.507	26.184	19.25
25.507	26.862	19.25
25.507	27.54	19.25
25.507	28.217	19.25
25.507	28.895	19.25
25.507	29.572	19.25
25.507	30.25	19.25
26.184	10.6	19.25
26.184	11.278	19.25
26.184	11.955	19.25
26.184	12.633	19.25
26.184	13.31	19.25
26.184	13.988	19.25
26.184	14.666	19.25
26.184	15.343	19.25
26.184	16.021	19.25
26.184	16.698	19.25
26.184	17.376	19.25
26.184	18.053	19.25
26.184	18.731	19.25
26.184	19.409	19.25
26.184	20.086	19.25
26.184	20.764	19.25
26.184	21.441	19.25
26.184	22.119	19.25
26.184	22.797	19.25
26.184	23.474	19.25
26.184	24.152	19.25
26.184	24.829	19.25
26.184	25.507	19.25
26.184	26.184	19.25
26.184	26.862	19.25
26.184	27.54	19.25
26.184	28.217	19.25
26.184	28.895	19.25
26.184	29.572	19.25
26.184	30.25	19.25
26.862	10.6	19.25
26.862	11.278	19.25
26.862	11.955	19.25
26.862	12.633	19.25
26.862	13.31	19.25
26.862	13.988	19.25
26.862	14.666	19.25
26.862	15.343	19.25
26.862	16.021	19.25
26.862	16.698	19.25
26.862	17.376	19.25
26.862	18.053	19.25
26.862	18.731	19.25
26.862	19.409	19.25
26.862	20.086	19.25
26.862	20.764	19.25
26.862	21.441	19.25
26.862	22.119	19.25
26.862	22.797	19.25
26.862	23.474	19.25
26.862	24.152	19.25
26.862	24.829	19.25
26.862	25.507	19.25
26.862	26.184	19.25
26.862	26.862	19.25
26.862	27.54	19.25
26.862	28.217	19.25
26.862	28.895	19.25
26.862	29.572	19.25
26.862	30.25	19.25
27.54	10.6	19.25
27.54	11.278	19.25
27.54	11.955	19.25
27.54	12.633	19.25
27.54	13.31	19.25
27.54	13.988	19.25
27.54	14.666	19.25
27.54	15.343	19.25
27.54	16.021	19.25
27.54	16.698	19.25
27.54	17.376	19.25
27.54	18.053	19.25
27.54	18.731	19.25
27.54	19.409	19.25
27.54	20.086	19.25
27.54	20.764	19.25
27.54	21.441	19.25
27.54	22.119	19.25
27.54	22.797	19.25
27.54	23.474	19.25
27.54	24.152	19.25
27.54	24.829	19.25
27.54	25.507	19.25
27.54	26.184	19.25
27.54	26.862	19.25
27.54	27.54	19.25
27.54	28.217	19.25
27.54	28.895	19.25
27.54	29.572	19.25
27.54	30.25	19.25
28.217	10.6	19.25
28.217	11.278	19.25
28.217	11.955	19.25
28.217	12.633	19.25
28.217	13.31	19.25
28.217	13.988	19.25
28.217	14.666	19.25
28.217	15.343	19.25
28.217	16.021	19.25
28.217	16.698	19.25
28.217	17.376	19.25
28.217	18.053	19.25
28.217	18.731	19.25
28.217	19.409	19.25
28.217	20.086	19.25
28.217	20.764	19.25
28.217	21.441	19.25
28.217	22.119	19.25
28.217	22.797	19.25
28.217	23.474	19.25
28.217	24.152	19.25
28.217	24.829	19.25
28.217	25.507	19.25
28.217	26.184	19.25
28.217	26.862	19.25
28.217	27.54	19.25
28.217	28.217	19.25
28.217	28.895	19.25
28.217	29.572	19.25
28.217	30.25	19.25
28.895	10.6	19.25
28.895	11.278	19.25
28.895	11.955	19.25
28.895	12.633	19.25
28.895	13.31	19.25
28.895	13.988	19.25
28.895	14.666	19.25
28.895	15.343	19.25
28.895	16.021	19.25
28.895	16.698	19.25
28.895	17.376	19.25
28.895	18.053	19.25
28.895	18.731	19.25
28.895	19.409	19.25
28.895	20.086	19.25
28.895	20.764	19.25
28.895	21.441	19.25
28.895	22.119	19.25
28.895	22.797	19.25
28.895	23.474	19.25
28.895	24.152	19.25
28.895	24.829	19.25
28.895	25.507	19.25
28.895	26.184	19.25
28.895	26.862	19.25
28.895	27.54	19.25
28.895	28.217	19.25
28.895	28.895	19.25
28.895	29.572	19.25
28.895	30.25	19.25
29.572	10.6	19.25
29.572	11.278	19.25
29.572	11.955	19.25
29.572	12.633	19.25
29.572	13.31	19.25
29.572	13.988	19.25
29.572	14.666	19.25
29.572	15.343	19.25
29.572	16.021	19.25
29.572	16.698	19.25
29.572	17.376	19.25
29.572	18.053	19.25
29.572	18.731	19.25
29.572	19.409	19.25
29.572	20.086	19.25
29.572	20.764	19.25
29.572	21.441	19.25
29.572	22.119	19.25
29.572	22.797	19.25
29.572	23.474	19.25
29.572	24.152	19.25
29.572	24.829	19.25
29.572	25.507	19.25
29.572	26.184	19.25
29.572	26.862	19.25
29.572	27.54	19.25
29.572	28.217	19.25
29.572	28.895	19.25
29.572	29.572	19.25
29.572	30.25	19.25
30.25	10.6	19.25
30.25	11.278	19.25
30.25	11.955	19.25
30.25	12.633	19.25
30.25	13.31	19.25
30.25	13.988	19.25
30.25	14.666	19.25
30.25	15.343	19.25
30.25	16.021	19.25
30.25	16.698	19.25
30.25	17.376	19.25
30.25	18.053	19.25
30.25	18.731	19.25
30.25	19.409	19.25
30.25	20.086	19.25
30.25	20.764	19.25
30.25	21.441	19.25
30.25	22.119	19.25
30.25	22.797	19.25
30.25	23.474	19.25
30.25	24.152	19.25
30.25	24.829	19.25
30.25	25.507	19.25
30.25	26.184	19.25
30.25	26.862	19.25
30.25	27.54	19.25
30.25	28.217	19.25
30.25	28.895	19.25
30.25	29.572	19.25
30.25	30.25	19.25
10.6	10.6	19.319
10.6	11.278	19.319
10.6	11.955	19.319
10.6	12.633	19.319
10.6	13.31	19.319
10.6	13.988	19.319
10.6	14.666	19.319
10.6	15.343	19.319
10.6	16.021	19.319
10.6	16.698	19.319
10.6	17.376	19.319
10.6	18.053	19.319
10.6	18.731	19.319
10.6	19.409	19.319
10.6	20.086	19.319
10.6	20.764	19.319
10.6	21.441	19.319
10.6	22.119	19.319
10.6	22.797	19.319
10.6	23.474	19.319
10.6	24.152	19.319
10.6	24.829	19.319
10.6	25.507	19.319
10.6	26.184	19.319
10.6	26.862	19.319
10.6	27.54	19.319
10.6	28.217	19.319
10.6	28.895	19.319
10.6	29.572	19.319
10.6	30.25	19.319
11.278	10.6	19.319
11.278	30.25	19.319
11.955	10.6	19.319
11.955	30.25	19.319
12.633	10.6	19.319
12.633	30.25	19.319
13.31	10.6	19.319
13.31	30.25	19.319
13.988	10.6	19.319
13.988	30.25	19.319
14.666	10.6	19.319
14.666	30.25	19.319
15.343	10.6	19.319
15.343	30.25	19.319
16.021	10.6	19.319
16.021	30.25	19.319
16.698	10.6	19.319
16.698	30.25	19.319
17.376	10.6	19.319
17.376	30.25	19.319
18.053	10.6	19.319
18.053	30.25	19.319
18.731	10.6	19.319
18.731	30.25	19.319
19.409	10.6	19.319
19.409	30.25	19.319
20.086	10.6	19.319
20.086	30.25	19.319
20.764	10.6	19.319
20.764	30.25	19.319
21.441	10.6	19.319
21.441	30.25	19.319
22.119	10.6	19.319
22.119	30.25	19.319
22.797	10.6	19.319
22.797	30.25	19.319
23.474	10.6	19.319
23.474	30.25	19.319
24.152	10.6	19.319
24.152	30.25	19.319
24.829	10.6	19.319
24.829	30.25	19.319
25.507	10.6	19.319
25.507	30.25	19.319
26.184	10.6	19.319
26.184	30.25	19.319
26.862	10.6	19.319
26.862	30.25	19.319
27.54	10.6	19.319
27.54	30.25	19.319
28.217	10.6	19.319
28.217	30.25	19.319
28.895	10.6	19.319
28.895	30.25	19.319
29.572	10.6	19.319
29.572	30.25	19.319
30.25	10.6	19.319
30.25	11.278	19.319
30.25	11.955	19.319
30.25	12.633	19.319
30.25	13.31	19.319
30.25	13.988	19.319
30.25	14.666	19.319
30.25	15.343	19.319
30.25	16.021	19.319
30.25	16.698	19.319
30.25	17.376	19.319
30.25	18.053	19.319
30.25	18.731	19.319
30.25	19.409	19.319
30.25	20.086	19.319
30.25	20.764	19.319
30.25	21.441	19.319
30.25	22.119	19.319
30.25	22.797	19.319
30.25	23.474	19.319
30.25	24.152	19.319
30.25	24.829	19.319
30.25	25.507	19.319
30.25	26.184	19.319
30.25	26.862	19.319
30.25	27.54	19.319
30.25	28.217	19.319
30.25	28.895	19.319
30.25	29.572	19.319
30.25	30.25	19.319
10.6	10.6	19.388
10.6	11.278	19.388
10.6	11.955	19.388
10.6	12.633	19.388
10.6	13.31	19.388
10.6	13.988	19.388
10.6	14.666	19.388
10.6	15.343	19.388
10.6	16.021	19.388
10.6	16.698	19.388
10.6	17.376	19.388
10.6	18.053	19.388
10.6	18.731	19.388
10.6	19.409	19.388
10.6	20.086	19.388
10.6	20.764	19.388
10.6	21.441	19.388
10.6	22.119	19.388
10.6	22.797	19.388
10.6	23.474	19.388
10.6	24.152	19.388
10.6	24.829	19.388
10.6	25.507	19.388
10.6	26.184	19.388
10.6	26.862	19.388
10.6	27.54	19.388
10.6	28.217	19.388
10.6	28.895	19.388
10.6	29.572	19.388
10.6	30.25	19.388
11.278	10.6	19.388
11.278	30.25	19.388
11.955	10.6	19.388
11.955	30.25	19.388
12.633	10.6	19.388
12.633	30.25	19.388
13.31	10.6	19.388
13.31	30.25	19.388
13.988	10.6	19.388
13.988	30.25	19.388
14.666	10.6	19.388
14.666	30.25	19.388
15.343	10.6	19.388
15.343	30.25	19.388
16.021	10.6	19.388
16.021	30.25	19.388
16.698	10.6	19.388
16.698	30.25	19.388
17.376	10.6	19.388
17.376	30.25	19.388
18.053	10.6	19.388
18.053	30.25	19.388
18.731	10.6	19.388
18.731	30.25	19.388
19.409	10.6	19.388
19.409	30.25	19.388
20.086	10.6	19.388
20.086	30.25	19.388
20.764	10.6	19.388
20.764	30.25	19.388
21.441	10.6	19.388
21.441	30.25	19.388
22.119	10.6	19.388
22.119	30.25	19.388
22.797	10.6	19.388
22.797	30.25	19.388
23.474	10.6	19.388
23.474	30.25	19.388
24.152	10.6	19.388
24.152	30.25	19.388
24.829	10.6	19.388
24.829	30.25	19.388
25.507	10.6	19.388
25.507	30.25	19.388
26.184	10.6	19.388
26.184	30.25	19.388
26.862	10.6	19.388
26.862	30.25	19.388
27.54	10.6	19.388
27.54	30.25	19.388
28.217	10.6	19.388
28.217	30.25	19.388
28.895	10.6	19.388
28.895	30.25	19.388
29.572	10.6	19.388
29.572	30.25	19.388
30.25	10.6	19.388
30.25	11.278	19.388
30.25	11.955	19.388
30.25	12.633	19.388
30.25	13.31	19.388
30.25	13.988	19.388
30.25	14.666	19.388
30.25	15.343	19.388
30.25	16.021	19.388
30.25	16.698	19.388
30.25	17.376	19.388
30.25	18.053	19.388
30.25	18.731	19.388
30.25	19.409	19.388
30.25	20.086	19.388
30.25	20.764	19.388
30.25	21.441	19.388
30.25	22.119	19.388
30.25	22.797	19.388
30.25	23.474	19.388
30.25	24.152	19.388
30.25	24.829	19.388
30.25	25.507	19.388
30.25	26.184	19.388
30.25	26.862	19.388
30.25	27.54	19.388
30.25	28.217	19.388
30.25	28.895	19.388
30.25	29.572	19.388
30.25	30.25	19.388
10.6	10.6	19.457
10.6	11.278	19.457
10.6	11.955	19.457
10.6	12.633	19.457
10.6	13.31	19.457
10.6	13.988	19.457
10.6	14.666	19.457
10.6	15.343	19.457
10.6	16.021	19.457
10.6	16.698	19.457
10.6	17.376	19.457
10.6	18.053	19.457
10.6	18.731	19.457
10.6	19.409	19.457
10.6	20.086	19.457
10.6	20.764	19.457
10.6	21.441	19.457
10.6	22.119	19.457
10.6	22.797	19.457
10.6	23.474	19.457
10.6	24.152	19.457
10.6	24.829	19.457
10.6	25.507	19.457
10.6	26.184	19.457
10.6	26.862	19.457
10.6	27.54	19.457
10.6	28.217	19.457
10.6	28.895	19.457
10.6	29.572	19.457
10.6	30.25	19.457
11.278	10.6	19.457
11.278	30.25	19.457
11.955	10.6	19.457
11.955	30.25	19.457
12.633	10.6	19.457
12.633	30.25	19.457
13.31	10.6	19.457
13.31	30.25	19.457
13.988	10.6	19.457
13.988	30.25	19.457
14.666	10.6	19.457
14.666	30.25	19.457
15.343	10.6	19.457
15.343	30.25	19.457
16.021	10.6	19.457
16.021	30.25	19.457
16.698	10.6	19.457
16.698	30.25	19.457
17.376	10.6	19.457
17.376	30.25	19.457
18.053	10.6	19.457
18.053	30.25	19.457
18.731	10.6	19.457
18.731	30.25	19.457
19.409	10.6	19.457
19.409	30.25	19.457
20.086	10.6	19.457
20.086	30.25	19.457
20.764	10.6	19.457
20.764	30.25	19.457
21.441	10.6	19.457
21.441	30.25	19.457
22.119	10.6	19.457
22.119	30.25	19.457
22.797	10.6	19.457
22.797	30.25	19.457
23.474	10.6	19.457
23.474	30.25	19.457
24.152	10.6	19.457
24.152	30.25	19.457
24.829	10.6	19.457
24.829	30.25	19.457
25.507	10.6	19.457
25.507	30.25	19.457
26.184	10.6	19.457
26.184	30.25	19.457
26.862	10.6	19.457
26.862	30.25	19.457
27.54	10.6	19.457
27.54	30.25	19.457
28.217	10.6	19.457
28.217	30.25	19.457
28.895	10.6	19.457
28.895	30.25	19.457
29.572	10.6	19.457
29.572	30.25	19.457
30.25	10.6	19.457
30.25	11.278	19.457
30.25	11.955	19.457
30.25	12.633	19.457
30.25	13.31	19.457
30.25	13.988	19.457
30.25	14.666	19.457
30.25	15.343	19.457
30.25	16.021	19.457
30.25	16.698	19.457
30.25	17.376	19.457
30.25	18.053	19.457
30.25	18.731	19.457
30.25	19.409	19.457
30.25	20.086	19.457
30.25	20.764	19.457
30.25	21.441	19.457
30.25	22.119	19.457
30.25	22.797	19.457
30.25	23.474	19.457
30.25	24.152	19.457
30.25	24.829	19.457
30.25	25.507	19.457
30.25	26.184	19.457
30.25	26.862	19.457
30.25	27.54	19.457
30.25	28.217	19.457
30.25	28.895	19.457
30.25	29.572	19.457
30.25	30.25	19.457
10.6	10.6	19.526
10.6	11.278	19.526
10.6	11.955	19.526
10.6	12.633	19.526
10.6	13.31	19.526
10.6	13.988	19.526
10.6	14.666	19.526
10.6	15.343	19.526
10.6	16.021	19.526
10.6	16.698	19.526
10.6	17.376	19.526
10.6	18.053	19.526
10.6	18.731	19.526
10.6	19.409	19.526
10.6	20.086	19.526
10.6	20.764	19.526
10.6	21.441	19.526
10.6	22.119	19.526
10.6	22.797	19.526
10.6	23.474	19.526
10.6	24.152	19.526
10.6	24.829	19.526
10.6	25.507	19.526
10.6	26.184	19.526
10.6	26.862	19.526
10.6	27.54	19.526
10.6	28.217	19.526
10.6	28.895	19.526
10.6	29.572	19.526
10.6	30.25	19.526
11.278	10.6	19.526
11.278	30.25	19.526
11.955	10.6	19.526
11.955	30.25	19.526
12.633	10.6	19.526
12.633	30.25	19.526
13.31	10.6	19.526
13.31	30.25	19.526
13.988	10.6	19.526
13.988	30.25	19.526
14.666	10.6	19.526
14.666	30.25	19.526
15.343	10.6	19.526
15.343	30.25	19.526
16.021	10.6	19.526
16.021	30.25	19.526
16.698	10.6	19.526
16.698	30.25	19.526
17.376	10.6	19.526
17.376	30.25	19.526
18.053	10.6	19.526
18.053	30.25	19.526
18.731	10.6	19.526
18.731	30.25	19.526
19.409	10.6	19.526
19.409	30.25	19.526
20.086	10.6	19.526
20.086	30.25	19.526
20.764	10.6	19.526
20.764	30.25	19.526
21.441	10.6	19.526
21.441	30.25	19.526
22.119	10.6	19.526
22.119	30.25	19.526
22.797	10.6	19.526
22.797	30.25	19.526
23.474	10.6	19.526
23.474	30.25	19.526
24.152	10.6	19.526
24.152	30.25	19.526
24.829	10.6	19.526
24.829	30.25	19.526
25.507	10.6	19.526
25.507	30.25	19.526
26.184	10.6	19.526
26.184	30.25	19.526
26.862	10.6	19.526
26.862	30.25	19.526
27.54	10.6	19.526
27.54	30.25	19.526
28.217	10.6	19.526
28.217	30.25	19.526
28.895	10.6	19.526
28.895	30.25	19.526
29.572	10.6	19.526
29.572	30.25	19.526
30.25	10.6	19.526
30.25	11.278	19.526
30.25	11.955	19.526
30.25	12.633	19.526
30.25	13.31	19.526
30.25	13.988	19.526
30.25	14.666	19.526
30.25	15.343	19.526
30.25	16.021	19.526
30.25	16.698	19.526
30.25	17.376	19.526
30.25	18.053	19.526
30.25	18.731	19.526
30.25	19.409	19.526
30.25	20.086	19.526
30.25	20.764	19.526
30.25	21.441	19.526
30.25	22.119	19.526
30.25	22.797	19.526
30.25	23.474	19.526
30.25	24.152	19.526
30.25	24.829	19.526
30.25	25.507	19.526
30.25	26.184	19.526
30.25	26.862	19.526
30.25	27.54	19.526
30.25	28.217	19.526
30.25	28.895	19.526
30.25	29.572	19.526
30.25	30.25	19.526
10.6	10.6	19.595
10.6	11.278	19.595
10.6	11.955	19.595
10.6	12.633	19.595
10.6	13.31	19.595
10.6	13.988	19.595
10.6	14.666	19.595
10.6	15.343	19.595
10.6	16.021	19.595
10.6	16.698	19.595
10.6	17.376	19.595
10.6	18.053	19.595
10.6	18.731	19.595
10.6	19.409	19.595
10.6	20.086	19.595
10.6	20.764	19.595
10.6	21.441	19.595
10.6	22.119	19.595
10.6	22.797	19.595
10.6	23.474	19.595
10.6	24.152	19.595
10.6	24.829	19.595
10.6	25.507	19.595
10.6	26.184	19.595
10.6	26.862	19.595
10.6	27.54	19.595
10.6	28.217	19.595
10.6	28.895	19.595
10.6	29.572	19.595
10.6	30.25	19.595
11.278	10.6	19.595
11.278	30.25	19.595
11.955	10.6	19.595
11.955	30.25	19.595
12.633	10.6	19.595
12.633	30.25	19.595
13.31	10.6	19.595
13.31	30.25	19.595
13.988	10.6	19.595
13.988	30.25	19.595
14.666	10.6	19.595
14.666	30.25	19.595
15.343	10.6	19.595
15.343	30.25	19.595
16.021	10.6	19.595
16.021	30.25	19.595
16.698	10.6	19.595
16.698	30.25	19.595
17.376	10.6	19.595
17.376	30.25	19.595
18.053	10.6	19.595
18.053	30.25	19.595
18.731	10.6	19.595
18.731	30.25	19.595
19.409	10.6	19.595
19.409	30.25	19.595
20.086	10.6	19.595
20.086	30.25	19.595
20.764	10.6	19.595
20.764	30.25	19.595
21.441	10.6	19.595
21.441	30.25	19.595
22.119	10.6	19.595
22.119	30.25	19.595
22.797	10.6	19.595
22.797	30.25	19.595
23.474	10.6	19.595
23.474	30.25	19.595
24.152	10.6	19.595
24.152	30.25	19.595
24.829	10.6	19.595
24.829	30.25	19.595
25.507	10.6	19.595
25.507	30.25	19.595
26.184	10.6	19.595
26.184	30.25	19.595
26.862	10.6	19.595
26.862	30.25	19.595
27.54	10.6	19.595
27.54	30.25	19.595
28.217	10.6	19.595
28.217	30.25	19.595
28.895	10.6	19.595
28.895	30.25	19.595
29.572	10.6	19.595
29.572	30.25	19.595
30.25	10.6	19.595
30.25	11.278	19.595
30.25	11.955	19.595
30.25	12.633	19.595
30.25	13.31	19.595
30.25	13.988	19.595
30.25	14.666	19.595
30.25	15.343	19.595
30.25	16.021	19.595
30.25	16.698	19.595
30.25	17.376	19.595
30.25	18.053	19.595
30.25	18.731	19.595
30.25	19.409	19.595
30.25	20.086	19.595
30.25	20.764	19.595
30.25	21.441	19.595
30.25	22.119	19.595
30.25	22.797	19.595
30.25	23.474	19.595
30.25	24.152	19.595
30.25	24.829	19.595
30.25	25.507	19.595
30.25	26.184	19.595
30.25	26.862	19.595
30.25	27.54	19.595
30.25	28.217	19.595
30.25	28.895	19.595
30.25	29.572	19.595
30.25	30.25	19.595
10.6	10.6	19.664
10.6	11.278	19.664
10.6	11.955	19.664
10.6	12.633	19.664
10.6	13.31	19.664
10.6	13.988	19.664
10.6	14.666	19.664
10.6	15.343	19.664
10.6	16.021	19.664
10.6	16.698	19.664
10.6	17.376	19.664
10.6	18.053	19.664
10.6	18.731	19.664
10.6	19.409	19.664
10.6	20.086	19.664
10.6	20.764	19.664
10.6	21.441	19.664
10.6	22.119	19.664
10.6	22.797	19.664
10.6	23.474	19.664
10.6	24.152	19.664
10.6	24.829	19.664
10.6	25.507	19.664
10.6	26.184	19.664
10.6	26.862	19.664
10.6	27.54	19.664
10.6	28.217	19.664
10.6	28.895	19.664
10.6	29.572	19.664
10.6	30.25	19.664
11.278	10.6	19.664
11.278	30.25	19.664
11.955	10.6	19.664
11.955	30.25	19.664
12.633	10.6	19.664
12.633	30.25	19.664
13.31	10.6	19.664
13.31	30.25	19.664
13.988	10.6	19.664
13.988	30.25	19.664
14.666	10.6	19.664
14.666	30.25	19.664
15.343	10.6	19.664
15.343	30.25	19.664
16.021	10.6	19.664
16.021	30.25	19.664
16.698	10.6	19.664
16.698	30.25	19.664
17.376	10.6	19.664
17.376	30.25	19.664
18.053	10.6	19.664
18.053	30.25	19.664
18.731	10.6	19.664
18.731	30.25	19.664
19.409	10.6	19.664
19.409	30.25	19.664
20.086	10.6	19.664
20.086	30.25	19.664
20.764	10.6	19.664
20.764	30.25	19.664
21.441	10.6	19.664
21.441	30.25	19.664
22.119	10.6	19.664
22.119	30.25	19.664
22.797	10.6	19.664
22.797	30.25	19.664
23.474	10.6	19.664
23.474	30.25	19.664
24.152	10.6	19.664
24.152	30.25	19.664
24.829	10.6	19.664
24.829	30.25	19.664
25.507	10.6	19.664
25.507	30.25	19.664
26.184	10.6	19.664
26.184	30.25	19.664
26.862	10.6	19.664
26.862	30.25	19.664
27.54	10.6	19.664
27.54	30.25	19.664
28.217	10.6	19.664
28.217	30.25	19.664
28.895	10.6	19.664
28.895	30.25	19.664
29.572	10.6	19.664
29.572	30.25	19.664
30.25	10.6	19.664
30.25	11.278	19.664
30.25	11.955	19.664
30.25	12.633	19.664
30.25	13.31	19.664
30.25	13.988	19.664
30.25	14.666	19.664
30.25	15.343	19.664
30.25	16.021	19.664
30.25	16.698	19.664
30.25	17.376	19.664
30.25	18.053	19.664
30.25	18.731	19.664
30.25	19.409	19.664
30.25	20.086	19.664
30.25	20.764	19.664
30.25	21.441	19.664
30.25	22.119	19.664
30.25	22.797	19.664
30.25	23.474	19.664
30.25	24.152	19.664
30.25	24.829	19.664
30.25	25.507	19.664
30.25	26.184	19.664
30.25	26.862	19.664
30.25	27.54	19.664
30.25	28.217	19.664
30.25	28.895	19.664
30.25	29.572	19.664
30.25	30.25	19.664
10.6	10.6	19.733
10.6	11.278	19.733
10.6	11.955	19.733
10.6	12.633	19.733
10.6	13.31	19.733
10.6	13.988	19.733
10.6	14.666	19.733
10.6	15.343	19.733
10.6	16.021	19.733
10.6	16.698	19.733
10.6	17.376	19.733
10.6	18.053	19.733
10.6	18.731	19.733
10.6	19.409	19.733
10.6	20.086	19.733
10.6	20.764	19.733
10.6	21.441	19.733
10.6	22.119	19.733
10.6	22.797	19.733
10.6	23.474	19.733
10.6	24.152	19.733
10.6	24.829	19.733
10.6	25.507	19.733
10.6	26.184	19.733
10.6	26.862	19.733
10.6	27.54	19.733
10.6	28.217	19.733
10.6	28.895	19.733
10.6	29.572	19.733
10.6	30.25	19.733
11.278	10.6	19.733
11.278	30.25	19.733
11.955	10.6	19.733
11.955	30.25	19.733
12.633	10.6	19.733
12.633	30.25	19.733
13.31	10.6	19.733
13.31	30.25	19.733
13.988	10.6	19.733
13.988	30.25	19.733
14.666	10.6	19.733
14.666	30.25	19.733
15.343	10.6	19.733
15.343	30.25	19.733
16.021	10.6	19.733
16.021	30.25	19.733
16.698	10.6	19.733
16.698	30.25	19.733
17.376	10.6	19.733
17.376	30.25	19.733
18.053	10.6	19.733
18.053	30.25	19.733
18.731	10.6	19.733
18.731	30.25	19.733
19.409	10.6	19.733
19.409	30.25	19.733
20.086	10.6	19.733
20.086	30.25	19.733
20.764	10.6	19.733
20.764	30.25	19.733
21.441	10.6	19.733
21.441	30.25	19.733
22.119	10.6	19.733
22.119	30.25	19.733
22.797	10.6	19.733
22.797	30.25	19.733
23.474	10.6	19.733
23.474	30.25	19.733
24.152	10.6	19.733
24.152	30.25	19.733
24.829	10.6	19.733
24.829	30.25	19.733
25.507	10.6	19.733
25.507	30.25	19.733
26.184	10.6	19.733
26.184	30.25	19.733
26.862	10.6	19.733
26.862	30.25	19.733
27.54	10.6	19.733
27.54	30.25	19.733
28.217	10.6	19.733
28.217	30.25	19.733
28.895	10.6	19.733
28.895	30.25	19.733
29.572	10.6	19.733
29.572	30.25	19.733
30.25	10.6	19.733
30.25	11.278	19.733
30.25	11.955	19.733
30.25	12.633	19.733
30.25	13.31	19.733
30.25	13.988	19.733
30.25	14.666	19.733
30.25	15.343	19.733
30.25	16.021	19.733
30.25	16.698	19.733
30.25	17.376	19.733
30.25	18.053	19.733
30.25	18.731	19.733
30.25	19.409	19.733
30.25	20.086	19.733
30.25	20.764	19.733
30.25	21.441	19.733
30.25	22.119	19.733
30.25	22.797	19.733
30.25	23.474	19.733
30.25	24.152	19.733
30.25	24.829	19.733
30.25	25.507	19.733
30.25	26.184	19.733
30.25	26.862	19.733
30.25	27.54	19.733
30.25	28.217	19.733
30.25	28.895	19.733
30.25	29.572	19.733
30.25	30.25	19.733
10.6	10.6	19.802
10.6	11.278	19.802
10.6	11.955	19.802
10.6	12.633	19.802
10.6	13.31	19.802
10.6	13.988	19.802
10.6	14.666	19.802
10.6	15.343	19.802
10.6	16.021	19.802
10.6	16.698	19.802
10.6	17.376	19.802
10.6	18.053	19.802
10.6	18.731	19.802
10.6	19.409	19.802
10.6	20.086	19.802
10.6	20.764	19.802
10.6	21.441	19.802
10.6	22.119	19.802
10.6	22.797	19.802
10.6	23.474	19.802
10.6	24.152	19.802
10.6	24.829	19.802
10.6	25.507	19.802
10.6	26.184	19.802
10.6	26.862	19.802
10.6	27.54	19.802
10.6	28.217	19.802
10.6	28.895	19.802
10.6	29.572	19.802
10.6	30.25	19.802
11.278	10.6	19.802
11.278	30.25	19.802
11.955	10.6	19.802
11.955	30.25	19.802
12.633	10.6	19.802
12.633	30.25	19.802
13.31	10.6	19.802
13.31	30.25	19.802
13.988	10.6	19.802
13.988	30.25	19.802
14.666	10.6	19.802
14.666	30.25	19.802
15.343	10.6	19.802
15.343	30.25	19.802
16.021	10.6	19.802
16.021	30.25	19.802
16.698	10.6	19.802
16.698	30.25	19.802
17.376	10.6	19.802
17.376	30.25	19.802
18.053	10.6	19.802
18.053	30.25	19.802
18.731	10.6	19.802
18.731	30.25	19.802
19.409	10.6	19.802
19.409	30.25	19.802
20.086	10.6	19.802
20.086	30.25	19.802
20.764	10.6	19.802
20.764	30.25	19.802
21.441	10.6	19.802
21.441	30.25	19.802
22.119	10.6	19.802
22.119	30.25	19.802
22.797	10.6	19.802
22.797	30.25	19.802
23.474	10.6	19.802
23.474	30.25	19.802
24.152	10.6	19.802
24.152	30.25	19.802
24.829	10.6	19.802
24.829	30.25	19.802
25.507	10.6	19.802
25.507	30.25	19.802
26.184	10.6	19.802
26.184	30.25	19.802
26.862	10.6	19.802
26.862	30.25	19.802
27.54	10.6	19.802
27.54	30.25	19.802
28.217	10.6	19.802
28.217	30.25	19.802
28.895	10.6	19.802
28.895	30.25	19.802
29.572	10.6	19.802
29.572	30.25	19.802
30.25	10.6	19.802
30.25	11.278	19.802
30.25	11.955	19.802
30.25	12.633	19.802
30.25	13.31	19.802
30.25	13.988	19.802
30.25	14.666	19.802
30.25	15.343	19.802
30.25	16.021	19.802
30.25	16.698	19.802
30.25	17.376	19.802
30.25	18.053	19.802
30.25	18.731	19.802
30.25	19.409	19.802
30.25	20.086	19.802
30.25	20.764	19.802
30.25	21.441	19.802
30.25	22.119	19.802
30.25	22.797	19.802
30.25	23.474	19.802
30.25	24.152	19.802
30.25	24.829	19.802
30.25	25.507	19.802
30.25	26.184	19.802
30.25	26.862	19.802
30.25	27.54	19.802
30.25	28.217	19.802
30.25	28.895	19.802
30.25	29.572	19.802
30.25	30.25	19.802
10.6	10.6	19.871
10.6	11.278	19.871
10.6	11.955	19.871
10.6	12.633	19.871
10.6	13.31	19.871
10.6	13.988	19.871
10.6	14.666	19.871
10.6	15.343	19.871
10.6	16.021	19.871
10.6	16.698	19.871
10.6	17.376	19.871
10.6	18.053	19.871
10.6	18.731	19.871
10.6	19.409	19.871
10.6	20.086	19.871
10.6	20.764	19.871
10.6	21.441	19.871
10.6	22.119	19.871
10.6	22.797	19.871
10.6	23.474	19.871
10.6	24.152	19.871
10.6	24.829	19.871
10.6	25.507	19.871
10.6	26.184	19.871
10.6	26.862	19.871
10.6	27.54	19.871
10.6	28.217	19.871
10.6	28.895	19.871
10.6	29.572	19.871
10.6	30.25	19.871
11.278	10.6	19.871
11.278	30.25	19.871
11.955	10.6	19.871
11.955	30.25	19.871
12.633	10.6	19.871
12.633	30.25	19.871
13.31	10.6	19.871
13.31	30.25	19.871
13.988	10.6	19.871
13.988	30.25	19.871
14.666	10.6	19.871
14.666	30.25	19.871
15.343	10.6	19.871
15.343	30.25	19.871
16.021	10.6	19.871
16.021	30.25	19.871
16.698	10.6	19.871
16.698	30.25	19.871
17.376	10.6	19.871
17.376	30.25	19.871
18.053	10.6	19.871
18.053	30.25	19.871
18.731	10.6	19.871
18.731	30.25	19.871
19.409	10.6	19.871
19.409	30.25	19.871
20.086	10.6	19.871
20.086	30.25	19.871
20.764	10.6	19.871
20.764	30.25	19.871
21.441	10.6	19.871
21.441	30.25	19.871
22.119	10.6	19.871
22.119	30.25	19.871
22.797	10.6	19.871
22.797	30.25	19.871
23.474	10.6	19.871
23.474	30.25	19.871
24.152	10.6	19.871
24.152	30.25	19.871
24.829	10.6	19.871
24.829	30.25	19.871
25.507	10.6	19.871
25.507	30.25	19.871
26.184	10.6	19.871
26.184	30.25	19.871
26.862	10.6	19.871
26.862	30.25	19.871
27.54	10.6	19.871
27.54	30.25	19.871
28.217	10.6	19.871
28.217	30.25	19.871
28.895	10.6	19.871
28.895	30.25	19.871
29.572	10.6	19.871
29.572	30.25	19.871
30.25	10.6	19.871
30.25	11.278	19.871
30.25	11.955	19.871
30.25	12.633	19.871
30.25	13.31	19.871
30.25	13.988	19.871
30.25	14.666	19.871
30.25	15.343	19.871
30.25	16.021	19.871
30.25	16.698	19.871
30.25	17.376	19.871
30.25	18.053	19.871
30.25	18.731	19.871
30.25	19.409	19.871
30.25	20.086	19.871
30.25	20.764	19.871
30.25	21.441	19.871
30.25	22.119	19.871
30.25	22.797	19.871
30.25	23.474	19.871
30.25	24.152	19.871
30.25	24.829	19.871
30.25	25.507	19.871
30.25	26.184	19.871
30.25	26.862	19.871
30.25	27.54	19.871
30.25	28.217	19.871
30.25	28.895	19.871
30.25	29.572	19.871
30.25	30.25	19.871
10.6	10.6	19.94
10.6	11.278	19.94
10.6	11.955	19.94
10.6	12.633	19.94
10.6	13.31	19.94
10.6	13.988	19.94
10.6	14.666	19.94
10.6	15.343	19.94
10.6	16.021	19.94
10.6	16.698	19.94
10.6	17.376	19.94
10.6	18.053	19.94
10.6	18.731	19.94
10.6	19.409	19.94
10.6	20.086	19.94
10.6	20.764	19.94
10.6	21.441	19.94
10.6	22.119	19.94
10.6	22.797	19.94
10.6	23.474	19.94
10.6	24.152	19.94
10.6	24.829	19.94
10.6	25.507	19.94
10.6	26.184	19.94
10.6	26.862	19.94
10.6	27.54	19.94
10.6	28.217	19.94
10.6	28.895	19.94
10.6	29.572	19.94
10.6	30.25	19.94
11.278	10.6	19.94
11.278	30.25	19.94
11.955	10.6	19.94
11.955	30.25	19.94
12.633	10.6	19.94
12.633	30.25	19.94
13.31	10.6	19.94
13.31	30.25	19.94
13.988	10.6	19.94
13.988	30.25	19.94
14.666	10.6	19.94
14.666	30.25	19.94
15.343	10.6	19.94
15.343	30.25	19.94
16.021	10.6	19.94
16.021	30.25	19.94
16.698	10.6	19.94
16.698	30.25	19.94
17.376	10.6	19.94
17.376	30.25	19.94
18.053	10.6	19.94
18.053	30.25	19.94
18.731	10.6	19.94
18.731	30.25	19.94
19.409	10.6	19.94
19.409	30.25	19.94
20.086	10.6	19.94
20.086	30.25	19.94
20.764	10.6	19.94
20.764	30.25	19.94
21.441	10.6	19.94
21.441	30.25	19.94
22.119	10.6	19.94
22.119	30.25	19.94
22.797	10.6	19.94
22.797	30.25	19.94
23.474	10.6	19.94
23.474	30.25	19.94
24.152	10.6	19.94
24.152	30.25	19.94
24.829	10.6	19.94
24.829	30.25	19.94
25.507	10.6	19.94
25.507	30.25	19.94
26.184	10.6	19.94
26.184	30.25	19.94
26.862	10.6	19.94
26.862	30.25	19.94
27.54	10.6	19.94
27.54	30.25	19.94
28.217	10.6	19.94
28.217	30.25	19.94
28.895	10.6	19.94
28.895	30.25	19.94
29.572	10.6	19.94
29.572	30.25	19.94
30.25	10.6	19.94
30.25	11.278	19.94
30.25	11.955	19.94
30.25	12.633	19.94
30.25	13.31	19.94
30.25	13.988	19.94
30.25	14.666	19.94
30.25	15.343	19.94
30.25	16.021	19.94
30.25	16.698	19.94
30.25	17.376	19.94
30.25	18.053	19.94
30.25	18.731	19.94
30.25	19.409	19.94
30.25	20.086	19.94
30.25	20.764	19.94
30.25	21.441	19.94
30.25	22.119	19.94
30.25	22.797	19.94
30.25	23.474	19.94
30.25	24.152	19.94
30.25	24.829	19.94
30.25	25.507	19.94
30.25	26.184	19.94
30.25	26.862	19.94
30.25	27.54	19.94
30.25	28.217	19.94
30.25	28.895	19.94
30.25	29.572	19.94
30.25	30.25	19.94
10.6	10.6	20.009
10.6	11.278	20.009
10.6	11.955	20.009
10.6	12.633	20.009
10.6	13.31	20.009
10.6	13.988	20.009
10.6	14.666	20.009
10.6	15.343	20.009
10.6	16.021	20.009
10.6	16.698	20.009
10.6	17.376	20.009
10.6	18.053	20.009
10.6	18.731	20.009
10.6	19.409	20.009
10.6	20.086	20.009
10.6	20.764	20.009
10.6	21.441	20.009
10.6	22.119	20.009
10.6	22.797	20.009
10.6	23.474	20.009
10.6	24.152	20.009
10.6	24.829	20.009
10.6	25.507	20.009
10.6	26.184	20.009
10.6	26.862	20.009
10.6	27.54	20.009
10.6	28.217	20.009
10.6	28.895	20.009
10.6	29.572	20.009
10.6	30.25	20.009
11.278	10.6	20.009
11.278	30.25	20.009
11.955	10.6	20.009
11.955	30.25	20.009
12.633	10.6	20.009
12.633	30.25	20.009
13.31	10.6	20.009
13.31	30.25	20.009
13.988	10.6	20.009
13.988	30.25	20.009
14.666	10.6	20.009
14.666	30.25	20.009
15.343	10.6	20.009
15.343	30.25	20.009
16.021	10.6	20.009
16.021	30.25	20.009
16.698	10.6	20.009
16.698	30.25	20.009
17.376	10.6	20.009
17.376	30.25	20.009
18.053	10.6	20.009
18.053	30.25	20.009
18.731	10.6	20.009
18.731	30.25	20.009
19.409	10.6	20.009
19.409	30.25	20.009
20.086	10.6	20.009
20.086	30.25	20.009
20.764	10.6	20.009
20.764	30.25	20.009
21.441	10.6	20.009
21.441	30.25	20.009
22.119	10.6	20.009
22.119	30.25	20.009
22.797	10.6	20.009
22.797	30.25	20.009
23.474	10.6	20.009
23.474	30.25	20.009
24.152	10.6	20.009
24.152	30.25	20.009
24.829	10.6	20.009
24.829	30.25	20.009
25.507	10.6	20.009
25.507	30.25	20.009
26.184	10.6	20.009
26.184	30.25	20.009
26.862	10.6	20.009
26.862	30.25	20.009
27.54	10.6	20.009
27.54	30.25	20.009
28.217	10.6	20.009
28.217	30.25	20.009
28.895	10.6	20.009
28.895	30.25	20.009
29.572	10.6	20.009
29.572	30.25	20.009
30.25	10.6	20.009
30.25	11.278	20.009
30.25	11.955	20.009
30.25	12.633	20.009
30.25	13.31	20.009
30.25	13.988	20.009
30.25	14.666	20.009
30.25	15.343	20.009
30.25	16.021	20.009
30.25	16.698	20.009
30.25	17.376	20.009
30.25	18.053	20.009
30.25	18.731	20.009
30.25	19.409	20.009
30.25	20.086	20.009
30.25	20.764	20.009
30.25	21.441	20.009
30.25	22.119	20.009
30.25	22.797	20.009
30.25	23.474	20.009
30.25	24.152	20.009
30.25	24.829	20.009
30.25	25.507	20.009
30.25	26.184	20.009
30.25	26.862	20.009
30.25	27.54	20.009
30.25	28.217	20.009
30.25	28.895	20.009
30.25	29.572	20.009
30.25	30.25	20.009
10.6	10.6	20.078
10.6	11.278	20.078
10.6	11.955	20.078
10.6	12.633	20.078
10.6	13.31	20.078
10.6	13.988	20.078
10.6	14.666	20.078
10.6	15.343	20.078
10.6	16.021	20.078
10.6	16.698	20.078
10.6	17.376	20.078
10.6	18.053	20.078
10.6	18.731	20.078
10.6	19.409	20.078
10.6	20.086	20.078
10.6	20.764	20.078
10.6	21.441	20.078
10.6	22.119	20.078
10.6	22.797	20.078
10.6	23.474	20.078
10.6	24.152	20.078
10.6	24.829	20.078
10.6	25.507	20.078
10.6	26.184	20.078
10.6	26.862	20.078
10.6	27.54	20.078
10.6	28.217	20.078
10.6	28.895	20.078
10.6	29.572	20.078
10.6	30.25	20.078
11.278	10.6	20.078
11.278	30.25	20.078
11.955	10.6	20.078
11.955	30.25	20.078
12.633	10.6	20.078
12.633	30.25	20.078
13.31	10.6	20.078
13.31	30.25	20.078
13.988	10.6	20.078
13.988	30.25	20.078
14.666	10.6	20.078
14.666	30.25	20.078
15.343	10.6	20.078
15.343	30.25	20.078
16.021	10.6	20.078
16.021	30.25	20.078
16.698	10.6	20.078
16.698	30.25	20.078
17.376	10.6	20.078
17.376	30.25	20.078
18.053	10.6	20.078
18.053	30.25	20.078
18.731	10.6	20.078
18.731	30.25	20.078
19.409	10.6	20.078
19.409	30.25	20.078
20.086	10.6	20.078
20.086	30.25	20.078
20.764	10.6	20.078
20.764	30.25	20.078
21.441	10.6	20.078
21.441	30.25	20.078
22.119	10.6	20.078
22.119	30.25	20.078
22.797	10.6	20.078
22.797	30.25	20.078
23.474	10.6	20.078
23.474	30.25	20.078
24.152	10.6	20.078
24.152	30.25	20.078
24.829	10.6	20.078
24.829	30.25	20.078
25.507	10.6	20.078
25.507	30.25	20.078
26.184	10.6	20.078
26.184	30.25	20.078
26.862	10.6	20.078
26.862	30.25	20.078
27.54	10.6	20.078
27.54	30.25	20.078
28.217	10.6	20.078
28.217	30.25	20.078
28.895	10.6	20.078
28.895	30.25	20.078
29.572	10.6	20.078
29.572	30.25	20.078
30.25	10.6	20.078
30.25	11.278	20.078
30.25	11.955	20.078
30.25	12.633	20.078
30.25	13.31	20.078
30.25	13.988	20.078
30.25	14.666	20.078
30.25	15.343	20.078
30.25	16.021	20.078
30.25	16.698	20.078
30.25	17.376	20.078
30.25	18.053	20.078
30.25	18.731	20.078
30.25	19.409	20.078
30.25	20.086	20.078
30.25	20.764	20.078
30.25	21.441	20.078
30.25	22.119	20.078
30.25	22.797	20.078
30.25	23.474	20.078
30.25	24.152	20.078
30.25	24.829	20.078
30.25	25.507	20.078
30.25	26.184	20.078
30.25	26.862	20.078
30.25	27.54	20.078
30.25	28.217	20.078
30.25	28.895	20.078
30.25	29.572	20.078
30.25	30.25	20.078
10.6	10.6	20.147
10.6	11.278	20.147
10.6	11.955	20.147
10.6	12.633	20.147
10.6	13.31	20.147
10.6	13.988	20.147
10.6	14.666	20.147
10.6	15.343	20.147
10.6	16.021	20.147
10.6	16.698	20.147
10.6	17.376	20.147
10.6	18.053	20.147
10.6	18.731	20.147
10.6	19.409	20.147
10.6	20.086	20.147
10.6	20.764	20.147
10.6	21.441	20.147
10.6	22.119	20.147
10.6	22.797	20.147
10.6	23.474	20.147
10.6	24.152	20.147
10.6	24.829	20.147
10.6	25.507	20.147
10.6	26.184	20.147
10.6	26.862	20.147
10.6	27.54	20.147
10.6	28.217	20.147
10.6	28.895	20.147
10.6	29.572	20.147
10.6	30.25	20.147
11.278	10.6	20.147
11.278	30.25	20.147
11.955	10.6	20.147
11.955	30.25	20.147
12.633	10.6	20.147
12.633	30.25	20.147
13.31	10.6	20.147
13.31	30.25	20.147
13.988	10.6	20.147
13.988	30.25	20.147
14.666	10.6	20.147
14.666	30.25	20.147
15.343	10.6	20.147
15.343	30.25	20.147
16.021	10.6	20.147
16.021	30.25	20.147
16.698	10.6	20.147
16.698	30.25	20.147
17.376	10.6	20.147
17.376	30.25	20.147
18.053	10.6	20.147
18.053	30.25	20.147
18.731	10.6	20.147
18.731	30.25	20.147
19.409	10.6	20.147
19.409	30.25	20.147
20.086	10.6	20.147
20.086	30.25	20.147
20.764	10.6	20.147
20.764	30.25	20.147
21.441	10.6	20.147
21.441	30.25	20.147
22.119	10.6	20.147
22.119	30.25	20.147
22.797	10.6	20.147
22.797	30.25	20.147
23.474	10.6	20.147
23.474	30.25	20.147
24.152	10.6	20.147
24.152	30.25	20.147
24.829	10.6	20.147
24.829	30.25	20.147
25.507	10.6	20.147
25.507	30.25	20.147
26.184	10.6	20.147
26.184	30.25	20.147
26.862	10.6	20.147
26.862	30.25	20.147
27.54	10.6	20.147
27.54	30.25	20.147
28.217	10.6	20.147
28.217	30.25	20.147
28.895	10.6	20.147
28.895	30.25	20.147
29.572	10.6	20.147
29.572	30.25	20.147
30.25	10.6	20.147
30.25	11.278	20.147
30.25	11.955	20.147
30.25	12.633	20.147
30.25	13.31	20.147
30.25	13.988	20.147
30.25	14.666	20.147
30.25	15.343	20.147
30.25	16.021	20.147
30.25	16.698	20.147
30.25	17.376	20.147
30.25	18.053	20.147
30.25	18.731	20.147
30.25	19.409	20.147
30.25	20.086	20.147
30.25	20.764	20.147
30.25	21.441	20.147
30.25	22.119	20.147
30.25	22.797	20.147
30.25	23.474	20.147
30.25	24.152	20.147
30.25	24.829	20.147
30.25	25.507	20.147
30.25	26.184	20.147
30.25	26.862	20.147
30.25	27.54	20.147
30.25	28.217	20.147
30.25	28.895	20.147
30.25	29.572	20.147
30.25	30.25	20.147
10.6	10.6	20.216
10.6	11.278	20.216
10.6	11.955	20.216
10.6	12.633	20.216
10.6	13.31	20.216
10.6	13.988	20.216
10.6	14.666	20.216
10.6	15.343	20.216
10.6	16.021	20.216
10.6	16.698	20.216
10.6	17.376	20.216
10.6	18.053	20.216
10.6	18.731	20.216
10.6	19.409	20.216
10.6	20.086	20.216
10.6	20.764	20.216
10.6	21.441	20.216
10.6	22.119	20.216
10.6	22.797	20.216
10.6	23.474	20.216
10.6	24.152	20.216
10.6	24.829	20.216
10.6	25.507	20.216
10.6	26.184	20.216
10.6	26.862	20.216
10.6	27.54	20.216
10.6	28.217	20.216
10.6	28.895	20.216
10.6	29.572	20.216
10.6	30.25	20.216
11.278	10.6	20.216
11.278	30.25	20.216
11.955	10.6	20.216
11.955	30.25	20.216
12.633	10.6	20.216
12.633	30.25	20.216
13.31	10.6	20.216
13.31	30.25	20.216
13.988	10.6	20.216
13.988	30.25	20.216
14.666	10.6	20.216
14.666	30.25	20.216
15.343	10.6	20.216
15.343	30.25	20.216
16.021	10.6	20.216
16.021	30.25	20.216
16.698	10.6	20.216
16.698	30.25	20.216
17.376	10.6	20.216
17.376	30.25	20.216
18.053	10.6	20.216
18.053	30.25	20.216
18.731	10.6	20.216
18.731	30.25	20.216
19.409	10.6	20.216
19.409	30.25	20.216
20.086	10.6	20.216
20.086	30.25	20.216
20.764	10.6	20.216
20.764	30.25	20.216
21.441	10.6	20.216
21.441	30.25	20.216
22.119	10.6	20.216
22.119	30.25	20.216
22.797	10.6	20.216
22.797	30.25	20.216
23.474	10.6	20.216
23.474	30.25	20.216
24.152	10.6	20.216
24.152	30.25	20.216
24.829	10.6	20.216
24.829	30.25	20.216
25.507	10.6	20.216
25.507	30.25	20.216
26.184	10.6	20.216
26.184	30.25	20.216
26.862	10.6	20.216
26.862	30.25	20.216
27.54	10.6	20.216
27.54	30.25	20.216
28.217	10.6	20.216
28.217	30.25	20.216
28.895	10.6	20.216
28.895	30.25	20.216
29.572	10.6	20.216
29.572	30.25	20.216
30.25	10.6	20.216
30.25	11.278	20.216
30.25	11.955	20.216
30.25	12.633	20.216
30.25	13.31	20.216
30.25	13.988	20.216
30.25	14.666	20.216
30.25	15.343	20.216
30.25	16.021	20.216
30.25	16.698	20.216
30.25	17.376	20.216
30.25	18.053	20.216
30.25	18.731	20.216
30.25	19.409	20.216
30.25	20.086	20.216
30.25	20.764	20.216
30.25	21.441	20.216
30.25	22.119	20.216
30.25	22.797	20.216
30.25	23.474	20.216
30.25	24.152	20.216
30.25	24.829	20.216
30.25	25.507	20.216
30.25	26.184	20.216
30.25	26.862	20.216
30.25	27.54	20.216
30.25	28.217	20.216
30.25	28.895	20.216
30.25	29.572	20.216
30.25	30.25	20.216
10.6	10.6	20.284
10.6	11.278	20.284
10.6	11.955	20.284
10.6	12.633	20.284
10.6	13.31	20.284
10.6	13.988	20.284
10.6	14.666	20.284
10.6	15.343	20.284
10.6	16.021	20.284
10.6	16.698	20.284
10.6	17.376	20.284
10.6	18.053	20.284
10.6	18.731	20.284
10.6	19.409	20.284
10.6	20.086	20.284
10.6	20.764	20.284
10.6	21.441	20.284
10.6	22.119	20.284
10.6	22.797	20.284
10.6	23.474	20.284
10.6	24.152	20.284
10.6	24.829	20.284
10.6	25.507	20.284
10.6	26.184	20.284
10.6	26.862	20.284
10.6	27.54	20.284
10.6	28.217	20.284
10.6	28.895	20.284
10.6	29.572	20.284
10.6	30.25	20.284
11.278	10.6	20.284
11.278	30.25	20.284
11.955	10.6	20.284
11.955	30.25	20.284
12.633	10.6	20.284
12.633	30.25	20.284
13.31	10.6	20.284
13.31	30.25	20.284
13.988	10.6	20.284
13.988	30.25	20.284
14.666	10.6	20.284
14.666	30.25	20.284
15.343	10.6	20.284
15.343	30.25	20.284
16.021	10.6	20.284
16.021	30.25	20.284
16.698	10.6	20.284
16.698	30.25	20.284
17.376	10.6	20.284
17.376	30.25	20.284
18.053	10.6	20.284
18.053	30.25	20.284
18.731	10.6	20.284
18.731	30.25	20.284
19.409	10.6	20.284
19.409	30.25	20.284
20.086	10.6	20.284
20.086	30.25	20.284
20.764	10.6	20.284
20.764	30.25	20.284
21.441	10.6	20.284
21.441	30.25	20.284
22.119	10.6	20.284
22.119	30.25	20.284
22.797	10.6	20.284
22.797	30.25	20.284
23.474	10.6	20.284
23.474	30.25	20.284
24.152	10.6	20.284
24.152	30.25	20.284
24.829	10.6	20.284
24.829	30.25	20.284
25.507	10.6	20.284
25.507	30.25	20.284
26.184	10.6	20.284
26.184	30.25	20.284
26.862	10.6	20.284
26.862	30.25	20.284
27.54	10.6	20.284
27.54	30.25	20.284
28.217	10.6	20.284
28.217	30.25	20.284
28.895	10.6	20.284
28.895	30.25	20.284
29.572	10.6	20.284
29.572	30.25	20.284
30.25	10.6	20.284
30.25	11.278	20.284
30.25	11.955	20.284
30.25	12.633	20.284
30.25	13.31	20.284
30.25	13.988	20.284
30.25	14.666	20.284
30.25	15.343	20.284
30.25	16.021	20.284
30.25	16.698	20.284
30.25	17.376	20.284
30.25	18.053	20.284
30.25	18.731	20.284
30.25	19.409	20.284
30.25	20.086	20.284
30.25	20.764	20.284
30.25	21.441	20.284
30.25	22.119	20.284
30.25	22.797	20.284
30.25	23.474	20.284
30.25	24.152	20.284
30.25	24.829	20.284
30.25	25.507	20.284
30.25	26.184	20.284
30.25	26.862	20.284
30.25	27.54	20.284
30.25	28.217	20.284
30.25	28.895	20.284
30.25	29.572	20.284
30.25	30.25	20.284
10.6	10.6	20.353
10.6	11.278	20.353
10.6	11.955	20.353
10.6	12.633	20.353
10.6	13.31	20.353
10.6	13.988	20.353
10.6	14.666	20.353
10.6	15.343	20.353
10.6	16.021	20.353
10.6	16.698	20.353
10.6	17.376	20.353
10.6	18.053	20.353
10.6	18.731	20.353
10.6	19.409	20.353
10.6	20.086	20.353
10.6	20.764	20.353
10.6	21.441	20.353
10.6	22.119	20.353
10.6	22.797	20.353
10.6	23.474	20.353
10.6	24.152	20.353
10.6	24.829	20.353
10.6	25.507	20.353
10.6	26.184	20.353
10.6	26.862	20.353
10.6	27.54	20.353
10.6	28.217	20.353
10.6	28.895	20.353
10.6	29.572	20.353
10.6	30.25	20.353
11.278	10.6	20.353
11.278	30.25	20.353
11.955	10.6	20.353
11.955	30.25	20.353
12.633	10.6	20.353
12.633	30.25	20.353
13.31	10.6	20.353
13.31	30.25	20.353
13.988	10.6	20.353
13.988	30.25	20.353
14.666	10.6	20.353
14.666	30.25	20.353
15.343	10.6	20.353
15.343	30.25	20.353
16.021	10.6	20.353
16.021	30.25	20.353
16.698	10.6	20.353
16.698	30.25	20.353
17.376	10.6	20.353
17.376	30.25	20.353
18.053	10.6	20.353
18.053	30.25	20.353
18.731	10.6	20.353
18.731	30.25	20.353
19.409	10.6	20.353
19.409	30.25	20.353
20.086	10.6	20.353
20.086	30.25	20.353
20.764	10.6	20.353
20.764	30.25	20.353
21.441	10.6	20.353
21.441	30.25	20.353
22.119	10.6	20.353
22.119	30.25	20.353
22.797	10.6	20.353
22.797	30.25	20.353
23.474	10.6	20.353
23.474	30.25	20.353
24.152	10.6	20.353
24.152	30.25	20.353
24.829	10.6	20.353
24.829	30.25	20.353
25.507	10.6	20.353
25.507	30.25	20.353
26.184	10.6	20.353
26.184	30.25	20.353
26.862	10.6	20.353
26.862	30.25	20.353
27.54	10.6	20.353
27.54	30.25	20.353
28.217	10.6	20.353
28.217	30.25	20.353
28.895	10.6	20.353
28.895	30.25	20.353
29.572	10.6	20.353
29.572	30.25	20.353
30.25	10.6	20.353
30.25	11.278	20.353
30.25	11.955	20.353
30.25	12.633	20.353
30.25	13.31	20.353
30.25	13.988	20.353
30.25	14.666	20.353
30.25	15.343	20.353
30.25	16.021	20.353
30.25	16.698	20.353
30.25	17.376	20.353
30.25	18.053	20.353
30.25	18.731	20.353
30.25	19.409	20.353
30.25	20.086	20.353
30.25	20.764	20.353
30.25	21.441	20.353
30.25	22.119	20.353
30.25	22.797	20.353
30.25	23.474	20.353
30.25	24.152	20.353
30.25	24.829	20.353
30.25	25.507	20.353
30.25	26.184	20.353
30.25	26.862	20.353
30.25	27.54	20.353
30.25	28.217	20.353
30.25	28.895	20.353
30.25	29.572	20.353
30.25	30.25	20.353
10.6	10.6	20.422
10.6	11.278	20.422
10.6	11.955	20.422
10.6	12.633	20.422
10.6	13.31	20.422
10.6	13.988	20.422
10.6	14.666	20.422
10.6	15.343	20.422
10.6	16.021	20.422
10.6	16.698	20.422
10.6	17.376	20.422
10.6	18.053	20.422
10.6	18.731	20.422
10.6	19.409	20.422
10.6	20.086	20.422
10.6	20.764	20.422
10.6	21.441	20.422
10.6	22.119	20.422
10.6	22.797	20.422
10.6	23.474	20.422
10.6	24.152	20.422
10.6	24.829	20.422
10.6	25.507	20.422
10.6	26.184	20.422
10.6	26.862	20.422
10.6	27.54	20.422
10.6	28.217	20.422
10.6	28.895	20.422
10.6	29.572	20.422
10.6	30.25	20.422
11.278	10.6	20.422
11.278	30.25	20.422
11.955	10.6	20.422
11.955	30.25	20.422
12.633	10.6	20.422
12.633	30.25	20.422
13.31	10.6	20.422
13.31	30.25	20.422
13.988	10.6	20.422
13.988	30.25	20.422
14.666	10.6	20.422
14.666	30.25	20.422
15.343	10.6	20.422
15.343	30.25	20.422
16.021	10.6	20.422
16.021	30.25	20.422
16.698	10.6	20.422
16.698	30.25	20.422
17.376	10.6	20.422
17.376	30.25	20.422
18.053	10.6	20.422
18.053	30.25	20.422
18.731	10.6	20.422
18.731	30.25	20.422
19.409	10.6	20.422
19.409	30.25	20.422
20.086	10.6	20.422
20.086	30.25	20.422
20.764	10.6	20.422
20.764	30.25	20.422
21.441	10.6	20.422
21.441	30.25	20.422
22.119	10.6	20.422
22.119	30.25	20.422
22.797	10.6	20.422
22.797	30.25	20.422
23.474	10.6	20.422
23.474	30.25	20.422
24.152	10.6	20.422
24.152	30.25	20.422
24.829	10.6	20.422
24.829	30.25	20.422
25.507	10.6	20.422
25.507	30.25	20.422
26.184	10.6	20.422
26.184	30.25	20.422
26.862	10.6	20.422
26.862	30.25	20.422
27.54	10.6	20.422
27.54	30.25	20.422
28.217	10.6	20.422
28.217	30.25	20.422
28.895	10.6	20.422
28.895	30.25	20.422
29.572	10.6	20.422
29.572	30.25	20.422
30.25	10.6	20.422
30.25	11.278	20.422
30.25	11.955	20.422
30.25	12.633	20.422
30.25	13.31	20.422
30.25	13.988	20.422
30.25	14.666	20.422
30.25	15.343	20.422
30.25	16.021	20.422
30.25	16.698	20.422
30.25	17.376	20.422
30.25	18.053	20.422
30.25	18.731	20.422
30.25	19.409	20.422
30.25	20.086	20.422
30.25	20.764	20.422
30.25	21.441	20.422
30.25	22.119	20.422
30.25	22.797	20.422
30.25	23.474	20.422
30.25	24.152	20.422
30.25	24.829	20.422
30.25	25.507	20.422
30.25	26.184	20.422
30.25	26.862	20.422
30.25	27.54	20.422
30.25	28.217	20.422
30.25	28.895	20.422
30.25	29.572	20.422
30.25	30.25	20.422
10.6	10.6	20.491
10.6	11.278	20.491
10.6	11.955	20.491
10.6	12.633	20.491
10.6	13.31	20.491
10.6	13.988	20.491
10.6	14.666	20.491
10.6	15.343	20.491
10.6	16.021	20.491
10.6	16.698	20.491
10.6	17.376	20.491
10.6	18.053	20.491
10.6	18.731	20.491
10.6	19.409	20.491
10.6	20.086	20.491
10.6	20.764	20.491
10.6	21.441	20.491
10.6	22.119	20.491
10.6	22.797	20.491
10.6	23.474	20.491
10.6	24.152	20.491
10.6	24.829	20.491
10.6	25.507	20.491
10.6	26.184	20.491
10.6	26.862	20.491
10.6	27.54	20.491
10.6	28.217	20.491
10.6	28.895	20.491
10.6	29.572	20.491
10.6	30.25	20.491
11.278	10.6	20.491
11.278	30.25	20.491
11.955	10.6	20.491
11.955	30.25	20.491
12.633	10.6	20.491
12.633	30.25	20.491
13.31	10.6	20.491
13.31	30.25	20.491
13.988	10.6	20.491
13.988	30.25	20.491
14.666	10.6	20.491
14.666	30.25	20.491
15.343	10.6	20.491
15.343	30.25	20.491
16.021	10.6	20.491
16.021	30.25	20.491
16.698	10.6	20.491
16.698	30.25	20.491
17.376	10.6	20.491
17.376	30.25	20.491
18.053	10.6	20.491
18.053	30.25	20.491
18.731	10.6	20.491
18.731	30.25	20.491
19.409	10.6	20.491
19.409	30.25	20.491
20.086	10.6	20.491
20.086	30.25	20.491
20.764	10.6	20.491
20.764	30.25	20.491
21.441	10.6	20.491
21.441	30.25	20.491
22.119	10.6	20.491
22.119	30.25	20.491
22.797	10.6	20.491
22.797	30.25	20.491
23.474	10.6	20.491
23.474	30.25	20.491
24.152	10.6	20.491
24.152	30.25	20.491
24.829	10.6	20.491
24.829	30.25	20.491
25.507	10.6	20.491
25.507	30.25	20.491
26.184	10.6	20.491
26.184	30.25	20.491
26.862	10.6	20.491
26.862	30.25	20.491
27.54	10.6	20.491
27.54	30.25	20.491
28.217	10.6	20.491
28.217	30.25	20.491
28.895	10.6	20.491
28.895	30.25	20.491
29.572	10.6	20.491
29.572	30.25	20.491
30.25	10.6	20.491
30.25	11.278	20.491
30.25	11.955	20.491
30.25	12.633	20.491
30.25	13.31	20.491
30.25	13.988	20.491
30.25	14.666	20.491
30.25	15.343	20.491
30.25	16.021	20.491
30.25	16.698	20.491
30.25	17.376	20.491
30.25	18.053	20.491
30.25	18.731	20.491
30.25	19.409	20.491
30.25	20.086	20.491
30.25	20.764	20.491
30.25	21.441	20.491
30.25	22.119	20.491
30.25	22.797	20.491
30.25	23.474	20.491
30.25	24.152	20.491
30.25	24.829	20.491
30.25	25.507	20.491
30.25	26.184	20.491
30.25	26.862	20.491
30.25	27.54	20.491
30.25	28.217	20.491
30.25	28.895	20.491
30.25	29.572	20.491
30.25	30.25	20.491
10.6	10.6	20.56
10.6	11.278	20.56
10.6	11.955	20.56
10.6	12.633	20.56
10.6	13.31	20.56
10.6	13.988	20.56
10.6	14.666	20.56
10.6	15.343	20.56
10.6	16.021	20.56
10.6	16.698	20.56
10.6	17.376	20.56
10.6	18.053	20.56
10.6	18.731	20.56
10.6	19.409	20.56
10.6	20.086	20.56
10.6	20.764	20.56
10.6	21.441	20.56
10.6	22.119	20.56
10.6	22.797	20.56
10.6	23.474	20.56
10.6	24.152	20.56
10.6	24.829	20.56
10.6	25.507	20.56
10.6	26.184	20.56
10.6	26.862	20.56
10.6	27.54	20.56
10.6	28.217	20.56
10.6	28.895	20.56
10.6	29.572	20.56
10.6	30.25	20.56
11.278	10.6	20.56
11.278	30.25	20.56
11.955	10.6	20.56
11.955	30.25	20.56
12.633	10.6	20.56
12.633	30.25	20.56
13.31	10.6	20.56
13.31	30.25	20.56
13.988	10.6	20.56
13.988	30.25	20.56
14.666	10.6	20.56
14.666	30.25	20.56
15.343	10.6	20.56
15.343	30.25	20.56
16.021	10.6	20.56
16.021	30.25	20.56
16.698	10.6	20.56
16.698	30.25	20.56
17.376	10.6	20.56
17.376	30.25	20.56
18.053	10.6	20.56
18.053	30.25	20.56
18.731	10.6	20.56
18.731	30.25	20.56
19.409	10.6	20.56
19.409	30.25	20.56
20.086	10.6	20.56
20.086	30.25	20.56
20.764	10.6	20.56
20.764	30.25	20.56
21.441	10.6	20.56
21.441	30.25	20.56
22.119	10.6	20.56
22.119	30.25	20.56
22.797	10.6	20.56
22.797	30.25	20.56
23.474	10.6	20.56
23.474	30.25	20.56
24.152	10.6	20.56
24.152	30.25	20.56
24.829	10.6	20.56
24.829	30.25	20.56
25.507	10.6	20.56
25.507	30.25	20.56
26.184	10.6	20.56
26.184	30.25	20.56
26.862	10.6	20.56
26.862	30.25	20.56
27.54	10.6	20.56
27.54	30.25	20.56
28.217	10.6	20.56
28.217	30.25	20.56
28.895	10.6	20.56
28.895	30.25	20.56
29.572	10.6	20.56
29.572	30.25	20.56
30.25	10.6	20.56
30.25	11.278	20.56
30.25	11.955	20.56
30.25	12.633	20.56
30.25	13.31	20.56
30.25	13.988	20.56
30.25	14.666	20.56
30.25	15.343	20.56
30.25	16.021	20.56
30.25	16.698	20.56
30.25	17.376	20.56
30.25	18.053	20.56
30.25	18.731	20.56
30.25	19.409	20.56
30.25	20.086	20.56
30.25	20.764	20.56
30.25	21.441	20.56
30.25	22.119	20.56
30.25	22.797	20.56
30.25	23.474	20.56
30.25	24.152	20.56
30.25	24.829	20.56
30.25	25.507	20.56
30.25	26.184	20.56
30.25	26.862	20.56
30.25	27.54	20.56
30.25	28.217	20.56
30.25	28.895	20.56
30.25	29.572	20.56
30.25	30.25	20.56
10.6	10.6	20.629
10.6	11.278	20.629
10.6	11.955	20.629
10.6	12.633	20.629
10.6	13.31	20.629
10.6	13.988	20.629
10.6	14.666	20.629
10.6	15.343	20.629
10.6	16.021	20.629
10.6	16.698	20.629
10.6	17.376	20.629
10.6	18.053	20.629
10.6	18.731	20.629
10.6	19.409	20.629
10.6	20.086	20.629
10.6	20.764	20.629
10.6	21.441	20.629
10.6	22.119	20.629
10.6	22.797	20.629
10.6	23.474	20.629
10.6	24.152	20.629
10.6	24.829	20.629
10.6	25.507	20.629
10.6	26.184	20.629
10.6	26.862	20.629
10.6	27.54	20.629
10.6	28.217	20.629
10.6	28.895	20.629
10.6	29.572	20.629
10.6	30.25	20.629
11.278	10.6	20.629
11.278	30.25	20.629
11.955	10.6	20.629
11.955	30.25	20.629
12.633	10.6	20.629
12.633	30.25	20.629
13.31	10.6	20.629
13.31	30.25	20.629
13.988	10.6	20.629
13.988	30.25	20.629
14.666	10.6	20.629
14.666	30.25	20.629
15.343	10.6	20.629
15.343	30.25	20.629
16.021	10.6	20.629
16.021	30.25	20.629
16.698	10.6	20.629
16.698	30.25	20.629
17.376	10.6	20.629
17.376	30.25	20.629
18.053	10.6	20.629
18.053	30.25	20.629
18.731	10.6	20.629
18.731	30.25	20.629
19.409	10.6	20.629
19.409	30.25	20.629
20.086	10.6	20.629
20.086	30.25	20.629
20.764	10.6	20.629
20.764	30.25	20.629
21.441	10.6	20.629
21.441	30.25	20.629
22.119	10.6	20.629
22.119	30.25	20.629
22.797	10.6	20.629
22.797	30.25	20.629
23.474	10.6	20.629
23.474	30.25	20.629
24.152	10.6	20.629
24.152	30.25	20.629
24.829	10.6	20.629
24.829	30.25	20.629
25.507	10.6	20.629
25.507	30.25	20.629
26.184	10.6	20.629
26.184	30.25	20.629
26.862	10.6	20.629
26.862	30.25	20.629
27.54	10.6	20.629
27.54	30.25	20.629
28.217	10.6	20.629
28.217	30.25	20.629
28.895	10.6	20.629
28.895	30.25	20.629
29.572	10.6	20.629
29.572	30.25	20.629
30.25	10.6	20.629
30.25	11.278	20.629
30.25	11.955	20.629
30.25	12.633	20.629
30.25	13.31	20.629
30.25	13.988	20.629
30.25	14.666	20.629
30.25	15.343	20.629
30.25	16.021	20.629
30.25	16.698	20.629
30.25	17.376	20.629
30.25	18.053	20.629
30.25	18.731	20.629
30.25	19.409	20.629
30.25	20.086	20.629
30.25	20.764	20.629
30.25	21.441	20.629
30.25	22.119	20.629
30.25	22.797	20.629
30.25	23.474	20.629
30.25	24.152	20.629
30.25	24.829	20.629
30.25	25.507	20.629
30.25	26.184	20.629
30.25	26.862	20.629
30.25	27.54	20.629
30.25	28.217	20.629
30.25	28.895	20.629
30.25	29.572	20.629
30.25	30.25	20.629
10.6	10.6	20.698
10.6	11.278	20.698
10.6	11.955	20.698
10.6	12.633	20.698
10.6	13.31	20.698
10.6	13.988	20.698
10.6	14.666	20.698
10.6	15.343	20.698
10.6	16.021	20.698
10.6	16.698	20.698
10.6	17.376	20.698
10.6	18.053	20.698
10.6	18.731	20.698
10.6	19.409	20.698
10.6	20.086	20.698
10.6	20.764	20.698
10.6	21.441	20.698
10.6	22.119	20.698
10.6	22.797	20.698
10.6	23.474	20.698
10.6	24.152	20.698
10.6	24.829	20.698
10.6	25.507	20.698
10.6	26.184	20.698
10.6	26.862	20.698
10.6	27.54	20.698
10.6	28.217	20.698
10.6	28.895	20.698
10.6	29.572	20.698
10.6	30.25	20.698
11.278	10.6	20.698
11.278	30.25	20.698
11.955	10.6	20.698
11.955	30.25	20.698
12.633	10.6	20.698
12.633	30.25	20.698
13.31	10.6	20.698
13.31	30.25	20.698
13.988	10.6	20.698
13.988	30.25	20.698
14.666	10.6	20.698
14.666	30.25	20.698
15.343	10.6	20.698
15.343	30.25	20.698
16.021	10.6	20.698
16.021	30.25	20.698
16.698	10.6	20.698
16.698	30.25	20.698
17.376	10.6	20.698
17.376	30.25	20.698
18.053	10.6	20.698
18.053	30.25	20.698
18.731	10.6	20.698
18.731	30.25	20.698
19.409	10.6	20.698
19.409	30.25	20.698
20.086	10.6	20.698
20.086	30.25	20.698
20.764	10.6	20.698
20.764	30.25	20.698
21.441	10.6	20.698
21.441	30.25	20.698
22.119	10.6	20.698
22.119	30.25	20.698
22.797	10.6	20.698
22.797	30.25	20.698
23.474	10.6	20.698
23.474	30.25	20.698
24.152	10.6	20.698
24.152	30.25	20.698
24.829	10.6	20.698
24.829	30.25	20.698
25.507	10.6	20.698
25.507	30.25	20.698
26.184	10.6	20.698
26.184	30.25	20.698
26.862	10.6	20.698
26.862	30.25	20.698
27.54	10.6	20.698
27.54	30.25	20.698
28.217	10.6	20.698
28.217	30.25	20.698
28.895	10.6	20.698
28.895	30.25	20.698
29.572	10.6	20.698
29.572	30.25	20.698
30.25	10.6	20.698
30.25	11.278	20.698
30.25	11.955	20.698
30.25	12.633	20.698
30.25	13.31	20.698
30.25	13.988	20.698
30.25	14.666	20.698
30.25	15.343	20.698
30.25	16.021	20.698
30.25	16.698	20.698
30.25	17.376	20.698
30.25	18.053	20.698
30.25	18.731	20.698
30.25	19.409	20.698
30.25	20.086	20.698
30.25	20.764	20.698
30.25	21.441	20.698
30.25	22.119	20.698
30.25	22.797	20.698
30.25	23.474	20.698
30.25	24.152	20.698
30.25	24.829	20.698
30.25	25.507	20.698
30.25	26.184	20.698
30.25	26.862	20.698
30.25	27.54	20.698
30.25	28.217	20.698
30.25	28.895	20.698
30.25	29.572	20.698
30.25	30.25	20.698
10.6	10.6	20.767
10.6	11.278	20.767
10.6	11.955	20.767
10.6	12.633	20.767
10.6	13.31	20.767
10.6	13.988	20.767
10.6	14.666	20.767
10.6	15.343	20.767
10.6	16.021	20.767
10.6	16.698	20.767
10.6	17.376	20.767
10.6	18.053	20.767
10.6	18.731	20.767
10.6	19.409	20.767
10.6	20.086	20.767
10.6	20.764	20.767
10.6	21.441	20.767
10.6	22.119	20.767
10.6	22.797	20.767
10.6	23.474	20.767
10.6	24.152	20.767
10.6	24.829	20.767
10.6	25.507	20.767
10.6	26.184	20.767
10.6	26.862	20.767
10.6	27.54	20.767
10.6	28.217	20.767
10.6	28.895	20.767
10.6	29.572	20.767
10.6	30.25	20.767
11.278	10.6	20.767
11.278	30.25	20.767
11.955	10.6	20.767
11.955	30.25	20.767
12.633	10.6	20.767
12.633	30.25	20.767
13.31	10.6	20.767
13.31	30.25	20.767
13.988	10.6	20.767
13.988	30.25	20.767
14.666	10.6	20.767
14.666	30.25	20.767
15.343	10.6	20.767
15.343	30.25	20.767
16.021	10.6	20.767
16.021	30.25	20.767
16.698	10.6	20.767
16.698	30.25	20.767
17.376	10.6	20.767
17.376	30.25	20.767
18.053	10.6	20.767
18.053	30.25	20.767
18.731	10.6	20.767
18.731	30.25	20.767
19.409	10.6	20.767
19.409	30.25	20.767
20.086	10.6	20.767
20.086	30.25	20.767
20.764	10.6	20.767
20.764	30.25	20.767
21.441	10.6	20.767
21.441	30.25	20.767
22.119	10.6	20.767
22.119	30.25	20.767
22.797	10.6	20.767
22.797	30.25	20.767
23.474	10.6	20.767
23.474	30.25	20.767
24.152	10.6	20.767
24.152	30.25	20.767
24.829	10.6	20.767
24.829	30.25	20.767
25.507	10.6	20.767
25.507	30.25	20.767
26.184	10.6	20.767
26.184	30.25	20.767
26.862	10.6	20.767
26.862	30.25	20.767
27.54	10.6	20.767
27.54	30.25	20.767
28.217	10.6	20.767
28.217	30.25	20.767
28.895	10.6	20.767
28.895	30.25	20.767
29.572	10.6	20.767
29.572	30.25	20.767
30.25	10.6	20.767
30.25	11.278	20.767
30.25	11.955	20.767
30.25	12.633	20.767
30.25	13.31	20.767
30.25	13.988	20.767
30.25	14.666	20.767
30.25	15.343	20.767
30.25	16.021	20.767
30.25	16.698	20.767
30.25	17.376	20.767
30.25	18.053	20.767
30.25	18.731	20.767
30.25	19.409	20.767
30.25	20.086	20.767
30.25	20.764	20.767
30.25	21.441	20.767
30.25	22.119	20.767
30.25	22.797	20.767
30.25	23.474	20.767
30.25	24.152	20.767
30.25	24.829	20.767
30.25	25.507	20.767
30.25	26.184	20.767
30.25	26.862	20.767
30.25	27.54	20.767
30.25	28.217	20.767
30.25	28.895	20.767
30.25	29.572	20.767
30.25	30.25	20.767
10.6	10.6	20.836
10.6	11.278	20.836
10.6	11.955	20.836
10.6	12.633	20.836
10.6	13.31	20.836
10.6	13.988	20.836
10.6	14.666	20.836
10.6	15.343	20.836
10.6	16.021	20.836
10.6	16.698	20.836
10.6	17.376	20.836
10.6	18.053	20.836
10.6	18.731	20.836
10.6	19.409	20.836
10.6	20.086	20.836
10.6	20.764	20.836
10.6	21.441	20.836
10.6	22.119	20.836
10.6	22.797	20.836
10.6	23.474	20.836
10.6	24.152	20.836
10.6	24.829	20.836
10.6	25.507	20.836
10.6	26.184	20.836
10.6	26.862	20.836
10.6	27.54	20.836
10.6	28.217	20.836
10.6	28.895	20.836
10.6	29.572	20.836
10.6	30.25	20.836
11.278	10.6	20.836
11.278	30.25	20.836
11.955	10.6	20.836
11.955	30.25	20.836
12.633	10.6	20.836
12.633	30.25	20.836
13.31	10.6	20.836
13.31	30.25	20.836
13.988	10.6	20.836
13.988	30.25	20.836
14.666	10.6	20.836
14.666	30.25	20.836
15.343	10.6	20.836
15.343	30.25	20.836
16.021	10.6	20.836
16.021	30.25	20.836
16.698	10.6	20.836
16.698	30.25	20.836
17.376	10.6	20.836
17.376	30.25	20.836
18.053	10.6	20.836
18.053	30.25	20.836
18.731	10.6	20.836
18.731	30.25	20.836
19.409	10.6	20.836
19.409	30.25	20.836
20.086	10.6	20.836
20.086	30.25	20.836
20.764	10.6	20.836
20.764	30.25	20.836
21.441	10.6	20.836
21.441	30.25	20.836
22.119	10.6	20.836
22.119	30.25	20.836
22.797	10.6	20.836
22.797	30.25	20.836
23.474	10.6	20.836
23.474	30.25	20.836
24.152	10.6	20.836
24.152	30.25	20.836
24.829	10.6	20.836
24.829	30.25	20.836
25.507	10.6	20.836
25.507	30.25	20.836
26.184	10.6	20.836
26.184	30.25	20.836
26.862	10.6	20.836
26.862	30.25	20.836
27.54	10.6	20.836
27.54	30.25	20.836
28.217	10.6	20.836
28.217	30.25	20.836
28.895	10.6	20.836
28.895	30.25	20.836
29.572	10.6	20.836
29.572	30.25	20.836
30.25	10.6	20.836
30.25	11.278	20.836
30.25	11.955	20.836
30.25	12.633	20.836
30.25	13.31	20.836
30.25	13.988	20.836
30.25	14.666	20.836
30.25	15.343	20.836
30.25	16.021	20.836
30.25	16.698	20.836
30.25	17.376	20.836
30.25	18.053	20.836
30.25	18.731	20.836
30.25	19.409	20.836
30.25	20.086	20.836
30.25	20.764	20.836
30.25	21.441	20.836
30.25	22.119	20.836
30.25	22.797	20.836
30.25	23.474	20.836
30.25	24.152	20.836
30.25	24.829	20.836
30.25	25.507	20.836
30.25	26.184	20.836
30.25	26.862	20.836
30.25	27.54	20.836
30.25	28.217	20.836
30.25	28.895	20.836
30.25	29.572	20.836
30.25	30.25	20.836
10.6	10.6	20.905
10.6	11.278	20.905
10.6	11.955	20.905
10.6	12.633	20.905
10.6	13.31	20.905
10.6	13.988	20.905
10.6	14.666	20.905
10.6	15.343	20.905
10.6	16.021	20.905
10.6	16.698	20.905
10.6	17.376	20.905
10.6	18.053	20.905
10.6	18.731	20.905
10.6	19.409	20.905
10.6	20.086	20.905
10.6	20.764	20.905
10.6	21.441	20.905
10.6	22.119	20.905
10.6	22.797	20.905
10.6	23.474	20.905
10.6	24.152	20.905
10.6	24.829	20.905
10.6	25.507	20.905
10.6	26.184	20.905
10.6	26.862	20.905
10.6	27.54	20.905
10.6	28.217	20.905
10.6	28.895	20.905
10.6	29.572	20.905
10.6	30.25	20.905
11.278	10.6	20.905
11.278	30.25	20.905
11.955	10.6	20.905
11.955	30.25	20.905
12.633	10.6	20.905
12.633	30.25	20.905
13.31	10.6	20.905
13.31	30.25	20.905
13.988	10.6	20.905
13.988	30.25	20.905
14.666	10.6	20.905
14.666	30.25	20.905
15.343	10.6	20.905
15.343	30.25	20.905
16.021	10.6	20.905
16.021	30.25	20.905
16.698	10.6	20.905
16.698	30.25	20.905
17.376	10.6	20.905
17.376	30.25	20.905
18.053	10.6	20.905
18.053	30.25	20.905
18.731	10.6	20.905
18.731	30.25	20.905
19.409	10.6	20.905
19.409	30.25	20.905
20.086	10.6	20.905
20.086	30.25	20.905
20.764	10.6	20.905
20.764	30.25	20.905
21.441	10.6	20.905
21.441	30.25	20.905
22.119	10.6	20.905
22.119	30.25	20.905
22.797	10.6	20.905
22.797	30.25	20.905
23.474	10.6	20.905
23.474	30.25	20.905
24.152	10.6	20.905
24.152	30.25	20.905
24.829	10.6	20.905
24.829	30.25	20.905
25.507	10.6	20.905
25.507	30.25	20.905
26.184	10.6	20.905
26.184	30.25	20.905
26.862	10.6	20.905
26.862	30.25	20.905
27.54	10.6	20.905
27.54	30.25	20.905
28.217	10.6	20.905
28.217	30.25	20.905
28.895	10.6	20.905
28.895	30.25	20.905
29.572	10.6	20.905
29.572	30.25	20.905
30.25	10.6	20.905
30.25	11.278	20.905
30.25	11.955	20.905
30.25	12.633	20.905
30.25	13.31	20.905
30.25	13.988	20.905
30.25	14.666	20.905
30.25	15.343	20.905
30.25	16.021	20.905
30.25	16.698	20.905
30.25	17.376	20.905
30.25	18.053	20.905
30.25	18.731	20.905
30.25	19.409	20.905
30.25	20.086	20.905
30.25	20.764	20.905
30.25	21.441	20.905
30.25	22.119	20.905
30.25	22.797	20.905
30.25	23.474	20.905
30.25	24.152	20.905
30.25	24.829	20.905
30.25	25.507	20.905
30.25	26.184	20.905
30.25	26.862	20.905
30.25	27.54	20.905
30.25	28.217	20.905
30.25	28.895	20.905
30.25	29.572	20.905
30.25	30.25	20.905
10.6	10.6	20.974
10.6	11.278	20.974
10.6	11.955	20.974
10.6	12.633	20.974
10.6	13.31	20.974
10.6	13.988	20.974
10.6	14.666	20.974
10.6	15.343	20.974
10.6	16.021	20.974
10.6	16.698	20.974
10.6	17.376	20.974
10.6	18.053	20.974
10.6	18.731	20.974
10.6	19.409	20.974
10.6	20.086	20.974
10.6	20.764	20.974
10.6	21.441	20.974
10.6	22.119	20.974
10.6	22.797	20.974
10.6	23.474	20.974
10.6	24.152	20.974
10.6	24.829	20.974
10.6	25.507	20.974
10.6	26.184	20.974
10.6	26.862	20.974
10.6	27.54	20.974
10.6	28.217	20.974
10.6	28.895	20.974
10.6	29.572	20.974
10.6	30.25	20.974
11.278	10.6	20.974
11.278	30.25	20.974
11.955	10.6	20.974
11.955	30.25	20.974
12.633	10.6	20.974
12.633	30.25	20.974
13.31	10.6	20.974
13.31	30.25	20.974
13.988	10.6	20.974
13.988	30.25	20.974
14.666	10.6	20.974
14.666	30.25	20.974
15.343	10.6	20.974
15.343	30.25	20.974
16.021	10.6	20.974
16.021	30.25	20.974
16.698	10.6	20.974
16.698	30.25	20.974
17.376	10.6	20.974
17.376	30.25	20.974
18.053	10.6	20.974
18.053	30.25	20.974
18.731	10.6	20.974
18.731	30.25	20.974
19.409	10.6	20.974
19.409	30.25	20.974
20.086	10.6	20.974
20.086	30.25	20.974
20.764	10.6	20.974
20.764	30.25	20.974
21.441	10.6	20.974
21.441	30.25	20.974
22.119	10.6	20.974
22.119	30.25	20.974
22.797	10.6	20.974
22.797	30.25	20.974
23.474	10.6	20.974
23.474	30.25	20.974
24.152	10.6	20.974
24.152	30.25	20.974
24.829	10.6	20.974
24.829	30.25	20.974
25.507	10.6	20.974
25.507	30.25	20.974
26.184	10.6	20.974
26.184	30.25	20.974
26.862	10.6	20.974
26.862	30.25	20.974
27.54	10.6	20.974
27.54	30.25	20.974
28.217	10.6	20.974
28.217	30.25	20.974
28.895	10.6	20.974
28.895	30.25	20.974
29.572	10.6	20.974
29.572	30.25	20.974
30.25	10.6	20.974
30.25	11.278	20.974
30.25	11.955	20.974
30.25	12.633	20.974
30.25	13.31	20.974
30.25	13.988	20.974
30.25	14.666	20.974
30.25	15.343	20.974
30.25	16.021	20.974
30.25	16.698	20.974
30.25	17.376	20.974
30.25	18.053	20.974
30.25	18.731	20.974
30.25	19.409	20.974
30.25	20.086	20.974
30.25	20.764	20.974
30.25	21.441	20.974
30.25	22.119	20.974
30.25	22.797	20.974
30.25	23.474	20.974
30.25	24.152	20.974
30.25	24.829	20.974
30.25	25.507	20.974
30.25	26.184	20.974
30.25	26.862	20.974
30.25	27.54	20.974
30.25	28.217	20.974
30.25	28.895	20.974
30.25	29.572	20.974
30.25	30.25	20.974
10.6	10.6	21.043
10.6	11.278	21.043
10.6	11.955	21.043
10.6	12.633	21.043
10.6	13.31	21.043
10.6	13.988	21.043
10.6	14.666	21.043
10.6	15.343	21.043
10.6	16.021	21.043
10.6	16.698	21.043
10.6	17.376	21.043
10.6	18.053	21.043
10.6	18.731	21.043
10.6	19.409	21.043
10.6	20.086	21.043
10.6	20.764	21.043
10.6	21.441	21.043
10.6	22.119	21.043
10.6	22.797	21.043
10.6	23.474	21.043
10.6	24.152	21.043
10.6	24.829	21.043
10.6	25.507	21.043
10.6	26.184	21.043
10.6	26.862	21.043
10.6	27.54	21.043
10.6	28.217	21.043
10.6	28.895	21.043
10.6	29.572	21.043
10.6	30.25	21.043
11.278	10.6	21.043
11.278	30.25	21.043
11.955	10.6	21.043
11.955	30.25	21.043
12.633	10.6	21.043
12.633	30.25	21.043
13.31	10.6	21.043
13.31	30.25	21.043
13.988	10.6	21.043
13.988	30.25	21.043
14.666	10.6	21.043
14.666	30.25	21.043
15.343	10.6	21.043
15.343	30.25	21.043
16.021	10.6	21.043
16.021	30.25	21.043
16.698	10.6	21.043
16.698	30.25	21.043
17.376	10.6	21.043
17.376	30.25	21.043
18.053	10.6	21.043
18.053	30.25	21.043
18.731	10.6	21.043
18.731	30.25	21.043
19.409	10.6	21.043
19.409	30.25	21.043
20.086	10.6	21.043
20.086	30.25	21.043
20.764	10.6	21.043
20.764	30.25	21.043
21.441	10.6	21.043
21.441	30.25	21.043
22.119	10.6	21.043
22.119	30.25	21.043
22.797	10.6	21.043
22.797	30.25	21.043
23.474	10.6	21.043
23.474	30.25	21.043
24.152	10.6	21.043
24.152	30.25	21.043
24.829	10.6	21.043
24.829	30.25	21.043
25.507	10.6	21.043
25.507	30.25	21.043
26.184	10.6	21.043
26.184	30.25	21.043
26.862	10.6	21.043
26.862	30.25	21.043
27.54	10.6	21.043
27.54	30.25	21.043
28.217	10.6	21.043
28.217	30.25	21.043
28.895	10.6	21.043
28.895	30.25	21.043
29.572	10.6	21.043
29.572	30.25	21.043
30.25	10.6	21.043
30.25	11.278	21.043
30.25	11.955	21.043
30.25	12.633	21.043
30.25	13.31	21.043
30.25	13.988	21.043
30.25	14.666	21.043
30.25	15.343	21.043
30.25	16.021	21.043
30.25	16.698	21.043
30.25	17.376	21.043
30.25	18.053	21.043
30.25	18.731	21.043
30.25	19.409	21.043
30.25	20.086	21.043
30.25	20.764	21.043
30.25	21.441	21.043
30.25	22.119	21.043
30.25	22.797	21.043
30.25	23.474	21.043
30.25	24.152	21.043
30.25	24.829	21.043
30.25	25.507	21.043
30.25	26.184	21.043
30.25	26.862	21.043
30.25	27.54	21.043
30.25	28.217	21.043
30.25	28.895	21.043
30.25	29.572	21.043
30.25	30.25	21.043
10.6	10.6	21.112
10.6	11.278	21.112
10.6	11.955	21.112
10.6	12.633	21.112
10.6	13.31	21.112
10.6	13.988	21.112
10.6	14.666	21.112
10.6	15.343	21.112
10.6	16.021	21.112
10.6	16.698	21.112
10.6	17.376	21.112
10.6	18.053	21.112
10.6	18.731	21.112
10.6	19.409	21.112
10.6	20.086	21.112
10.6	20.764	21.112
10.6	21.441	21.112
10.6	22.119	21.112
10.6	22.797	21.112
10.6	23.474	21.112
10.6	24.152	21.112
10.6	24.829	21.112
10.6	25.507	21.112
10.6	26.184	21.112
10.6	26.862	21.112
10.6	27.54	21.112
10.6	28.217	21.112
10.6	28.895	21.112
10.6	29.572	21.112
10.6	30.25	21.112
11.278	10.6	21.112
11.278	30.25	21.112
11.955	10.6	21.112
11.955	30.25	21.112
12.633	10.6	21.112
12.633	30.25	21.112
13.31	10.6	21.112
13.31	30.25	21.112
13.988	10.6	21.112
13.988	30.25	21.112
14.666	10.6	21.112
14.666	30.25	21.112
15.343	10.6	21.112
15.343	30.25	21.112
16.021	10.6	21.112
16.021	30.25	21.112
16.698	10.6	21.112
16.698	30.25	21.112
17.376	10.6	21.112
17.376	30.25	21.112
18.053	10.6	21.112
18.053	30.25	21.112
18.731	10.6	21.112
18.731	30.25	21.112
19.409	10.6	21.112
19.409	30.25	21.112
20.086	10.6	21.112
20.086	30.25	21.112
20.764	10.6	21.112
20.764	30.25	21.112
21.441	10.6	21.112
21.441	30.25	21.112
22.119	10.6	21.112
22.119	30.25	21.112
22.797	10.6	21.112
22.797	30.25	21.112
23.474	10.6	21.112
23.474	30.25	21.112
24.152	10.6	21.112
24.152	30.25	21.112
24.829	10.6	21.112
24.829	30.25	21.112
25.507	10.6	21.112
25.507	30.25	21.112
26.184	10.6	21.112
26.184	30.25	21.112
26.862	10.6	21.112
26.862	30.25	21.112
27.54	10.6	21.112
27.54	30.25	21.112
28.217	10.6	21.112
28.217	30.25	21.112
28.895	10.6	21.112
28.895	30.25	21.112
29.572	10.6	21.112
29.572	30.25	21.112
30.25	10.6	21.112
30.25	11.278	21.112
30.25	11.955	21.112
30.25	12.633	21.112
30.25	13.31	21.112
30.25	13.988	21.112
30.25	14.666	21.112
30.25	15.343	21.112
30.25	16.021	21.112
30.25	16.698	21.112
30.25	17.376	21.112
30.25	18.053	21.112
30.25	18.731	21.112
30.25	19.409	21.112
30.25	20.086	21.112
30.25	20.764	21.112
30.25	21.441	21.112
30.25	22.119	21.112
30.25	22.797	21.112
30.25	23.474	21.112
30.25	24.152	21.112
30.25	24.829	21.112
30.25	25.507	21.112
30.25	26.184	21.112
30.25	26.862	21.112
30.25	27.54	21.112
30.25	28.217	21.112
30.25	28.895	21.112
30.25	29.572	21.112
30.25	30.25	21.112
10.6	10.6	21.181
10.6	11.278	21.181
10.6	11.955	21.181
10.6	12.633	21.181
10.6	13.31	21.181
10.6	13.988	21.181
10.6	14.666	21.181
10.6	15.343	21.181
10.6	16.021	21.181
10.6	16.698	21.181
10.6	17.376	21.181
10.6	18.053	21.181
10.6	18.731	21.181
10.6	19.409	21.181
10.6	20.086	21.181
10.6	20.764	21.181
10.6	21.441	21.181
10.6	22.119	21.181
10.6	22.797	21.181
10.6	23.474	21.181
10.6	24.152	21.181
10.6	24.829	21.181
10.6	25.507	21.181
10.6	26.184	21.181
10.6	26.862	21.181
10.6	27.54	21.181
10.6	28.217	21.181
10.6	28.895	21.181
10.6	29.572	21.181
10.6	30.25	21.181
11.278	10.6	21.181
11.278	30.25	21.181
11.955	10.6	21.181
11.955	30.25	21.181
12.633	10.6	21.181
12.633	30.25	21.181
13.31	10.6	21.181
13.31	30.25	21.181
13.988	10.6	21.181
13.988	30.25	21.181
14.666	10.6	21.181
14.666	30.25	21.181
15.343	10.6	21.181
15.343	30.25	21.181
16.021	10.6	21.181
16.021	30.25	21.181
16.698	10.6	21.181
16.698	30.25	21.181
17.376	10.6	21.181
17.376	30.25	21.181
18.053	10.6	21.181
18.053	30.25	21.181
18.731	10.6	21.181
18.731	30.25	21.181
19.409	10.6	21.181
19.409	30.25	21.181
20.086	10.6	21.181
20.086	30.25	21.181
20.764	10.6	21.181
20.764	30.25	21.181
21.441	10.6	21.181
21.441	30.25	21.181
22.119	10.6	21.181
22.119	30.25	21.181
22.797	10.6	21.181
22.797	30.25	21.181
23.474	10.6	21.181
23.474	30.25	21.181
24.152	10.6	21.181
24.152	30.25	21.181
24.829	10.6	21.181
24.829	30.25	21.181
25.507	10.6	21.181
25.507	30.25	21.181
26.184	10.6	21.181
26.184	30.25	21.181
26.862	10.6	21.181
26.862	30.25	21.181
27.54	10.6	21.181
27.54	30.25	21.181
28.217	10.6	21.181
28.217	30.25	21.181
28.895	10.6	21.181
28.895	30.25	21.181
29.572	10.6	21.181
29.572	30.25	21.181
30.25	10.6	21.181
30.25	11.278	21.181
30.25	11.955	21.181
30.25	12.633	21.181
30.25	13.31	21.181
30.25	13.988	21.181
30.25	14.666	21.181
30.25	15.343	21.181
30.25	16.021	21.181
30.25	16.698	21.181
30.25	17.376	21.181
30.25	18.053	21.181
30.25	18.731	21.181
30.25	19.409	21.181
30.25	20.086	21.181
30.25	20.764	21.181
30.25	21.441	21.181
30.25	22.119	21.181
30.25	22.797	21.181
30.25	23.474	21.181
30.25	24.152	21.181
30.25	24.829	21.181
30.25	25.507	21.181
30.25	26.184	21.181
30.25	26.862	21.181
30.25	27.54	21.181
30.25	28.217	21.181
30.25	28.895	21.181
30.25	29.572	21.181
30.25	30.25	21.181
10.6	10.6	21.25
10.6	11.278	21.25
10.6	11.955	21.25
10.6	12.633	21.25
10.6	13.31	21.25
10.6	13.988	21.25
10.6	14.666	21.25
10.6	15.343	21.25
10.6	16.021	21.25
10.6	16.698	21.25
10.6	17.376	21.25
10.6	18.053	21.25
10.6	18.731	21.25
10.6	19.409	21.25
10.6	20.086	21.25
10.6	20.764	21.25
10.6	21.441	21.25
10.6	22.119	21.25
10.6	22.797	21.25
10.6	23.474	21.25
10.6	24.152	21.25
10.6	24.829	21.25
10.6	25.507	21.25
10.6	26.184	21.25
10.6	26.862	21.25
10.6	27.54	21.25
10.6	28.217	21.25
10.6	28.895	21.25
10.6	29.572	21.25
10.6	30.25	21.25
11.278	10.6	21.25
11.278	11.278	21.25
11.278	11.955	21.25
11.278	12.633	21.25
11.278	13.31	21.25
11.278	13.988	21.25
11.278	14.666	21.25
11.278	15.343	21.25
11.278	16.021	21.25
11.278	16.698	21.25
11.278	17.376	21.25
11.278	18.053	21.25
11.278	18.731	21.25
11.278	19.409	21.25
11.278	20.086	21.25
11.278	20.764	21.25
11.278	21.441	21.25
11.278	22.119	21.25
11.278	22.797	21.25
11.278	23.474	21.25
11.278	24.152	21.25
11.278	24.829	21.25
11.278	25.507	21.25
11.278	26.184	21.25
11.278	26.862	21.25
11.278	27.54	21.25
11.278	28.217	21.25
11.278	28.895	21.25
11.278	29.572	21.25
11.278	30.25	21.25
11.955	10.6	21.25
11.955	11.278	21.25
11.955	11.955	21.25
11.955	12.633	21.25
11.955	13.31	21.25
11.955	13.988	21.25
11.955	14.666	21.25
11.955	15.343	21.25
11.955	16.021	21.25
11.955	16.698	21.25
11.955	17.376	21.25
11.955	18.053	21.25
11.955	18.731	21.25
11.955	19.409	21.25
11.955	20.086	21.25
11.955	20.764	21.25
11.955	21.441	21.25
11.955	22.119	21.25
11.955	22.797	21.25
11.955	23.474	21.25
11.955	24.152	21.25
11.955	24.829	21.25
11.955	25.507	21.25
11.955	26.184	21.25
11.955	26.862	21.25
11.955	27.54	21.25
11.955	28.217	21.25
11.955	28.895	21.25
11.955	29.572	21.25
11.955	30.25	21.25
12.633	10.6	21.25
12.633	11.278	21.25
12.633	11.955	21.25
12.633	12.633	21.25
12.633	13.31	21.25
12.633	13.988	21.25
12.633	14.666	21.25
12.633	15.343	21.25
12.633	16.021	21.25
12.633	16.698	21.25
12.633	17.376	21.25
12.633	18.053	21.25
12.633	18.731	21.25
12.633	19.409	21.25
12.633	20.086	21.25
12.633	20.764	21.25
12.633	21.441	21.25
12.633	22.119	21.25
12.633	22.797	21.25
12.633	23.474	21.25
12.633	24.152	21.25
12.633	24.829	21.25
12.633	25.507	21.25
12.633	26.184	21.25
12.633	26.862	21.25
12.633	27.54	21.25
12.633	28.217	21.25
12.633	28.895	21.25
12.633	29.572	21.25
12.633	30.25	21.25
13.31	10.6	21.25
13.31	11.278	21.25
13.31	11.955	21.25
13.31	12.633	21.25
13.31	13.31	21.25
13.31	13.988	21.25
13.31	14.666	21.25
13.31	15.343	21.25
13.31	16.021	21.25
13.31	16.698	21.25
13.31	17.376	21.25
13.31	18.053	21.25
13.31	18.731	21.25
13.31	19.409	21.25
13.31	20.086	21.25
13.31	20.764	21.25
13.31	21.441	21.25
13.31	22.119	21.25
13.31	22.797	21.25
13.31	23.474	21.25
13.31	24.152	21.25
13.31	24.829	21.25
13.31	25.507	21.25
13.31	26.184	21.25
13.31	26.862	21.25
13.31	27.54	21.25
13.31	28.217	21.25
13.31	28.895	21.25
13.31	29.572	21.25
13.31	30.25	21.25
13.988	10.6	21.25
13.988	11.278	21.25
13.988	11.955	21.25
13.988	12.633	21.25
13.988	13.31	21.25
13.988	13.988	21.25
13.988	14.666	21.25
13.988	15.343	21.25
13.988	16.021	21.25
13.988	16.698	21.25
13.988	17.376	21.25
13.988	18.053	21.25
13.988	18.731	21.25
13.988	19.409	21.25
13.988	20.086	21.25
13.988	20.764	21.25
13.988	21.441	21.25
13.988	22.119	21.25
13.988	22.797	21.25
13.988	23.474	21.25
13.988	24.152	21.25
13.988	24.829	21.25
13.988	25.507	21.25
13.988	26.184	21.25
13.988	26.862	21.25
13.988	27.54	21.25
13.988	28.217	21.25
13.988	28.895	21.25
13.988	29.572	21.25
13.988	30.25	21.25
14.666	10.6	21.25
14.666	11.278	21.25
14.666	11.955	21.25
14.666	12.633	21.25
14.666	13.31	21.25
14.666	13.988	21.25
14.666	14.666	21.25
14.666	15.343	21.25
14.666	16.021	21.25
14.666	16.698	21.25
14.666	17.376	21.25
14.666	18.053	21.25
14.666	18.731	21.25
14.666	19.409	21.25
14.666	20.086	21.25
14.666	20.764	21.25
14.666	21.441	21.25
14.666	22.119	21.25
14.666	22.797	21.25
14.666	23.474	21.25
14.666	24.152	21.25
14.666	24.829	21.25
14.666	25.507	21.25
14.666	26.184	21.25
14.666	26.862	21.25
14.666	27.54	21.25
14.666	28.217	21.25
14.666	28.895	21.25
14.666	29.572	21.25
14.666	30.25	21.25
15.343	10.6	21.25
15.343	11.278	21.25
15.343	11.955	21.25
15.343	12.633	21.25
15.343	13.31	21.25
15.343	13.988	21.25
15.343	14.666	21.25
15.343	15.343	21.25
15.343	16.021	21.25
15.343	16.698	21.25
15.343	17.376	21.25
15.343	18.053	21.25
15.343	18.731	21.25
15.343	19.409	21.25
15.343	20.086	21.25
15.343	20.764	21.25
15.343	21.441	21.25
15.343	22.119	21.25
15.343	22.797	21.25
15.343	23.474	21.25
15.343	24.152	21.25
15.343	24.829	21.25
15.343	25.507	21.25
15.343	26.184	21.25
15.343	26.862	21.25
15.343	27.54	21.25
15.343	28.217	21.25
15.343	28.895	21.25
15.343	29.572	21.25
15.343	30.25	21.25
16.021	10.6	21.25
16.021	11.278	21.25
16.021	11.955	21.25
16.021	12.633	21.25
16.021	13.31	21.25
16.021	13.988	21.25
16.021	14.666	21.25
16.021	15.343	21.25
16.021	16.021	21.25
16.021	16.698	21.25
16.021	17.376	21.25
16.021	18.053	21.25
16.021	18.731	21.25
16.021	19.409	21.25
16.021	20.086	21.25
16.021	20.764	21.25
16.021	21.441	21.25
16.021	22.119	21.25
16.021	22.797	21.25
16.021	23.474	21.25
16.021	24.152	21.25
16.021	24.829	21.25
16.021	25.507	21.25
16.021	26.184	21.25
16.021	26.862	21.25
16.021	27.54	21.25
16.021	28.217	21.25
16.021	28.895	21.25
16.021	29.572	21.25
16.021	30.25	21.25
16.698	10.6	21.25
16.698	11.278	21.25
16.698	11.955	21.25
16.698	12.633	21.25
16.698	13.31	21.25
16.698	13.988	21.25
16.698	14.666	21.25
16.698	15.343	21.25
16.698	16.021	21.25
16.698	16.698	21.25
16.698	17.376	21.25
16.698	18.053	21.25
16.698	18.731	21.25
16.698	19.409	21.25
16.698	20.086	21.25
16.698	20.764	21.25
16.698	21.441	21.25
16.698	22.119	21.25
16.698	22.797	21.25
16.698	23.474	21.25
16.698	24.152	21.25
16.698	24.829	21.25
16.698	25.507	21.25
16.698	26.184	21.25
16.698	26.862	21.25
16.698	27.54	21.25
16.698	28.217	21.25
16.698	28.895	21.25
16.698	29.572	21.25
16.698	30.25	21.25
17.376	10.6	21.25
17.376	11.278	21.25
17.376	11.955	21.25
17.376	12.633	21.25
17.376	13.31	21.25
17.376	13.988	21.25
17.376	14.666	21.25
17.376	15.343	21.25
17.376	16.021	21.25
17.376	16.698	21.25
17.376	17.376	21.25
17.376	18.053	21.25
17.376	18.731	21.25
17.376	19.409	21.25
17.376	20.086	21.25
17.376	20.764	21.25
17.376	21.441	21.25
17.376	22.119	21.25
17.376	22.797	21.25
17.376	23.474	21.25
17.376	24.152	21.25
17.376	24.829	21.25
17.376	25.507	21.25
17.376	26.184	21.25
17.376	26.862	21.25
17.376	27.54	21.25
17.376	28.217	21.25
17.376	28.895	21.25
17.376	29.572	21.25
17.376	30.25	21.25
18.053	10.6	21.25
18.053	11.278	21.25
18.053	11.955	21.25
18.053	12.633	21.25
18.053	13.31	21.25
18.053	13.988	21.25
18.053	14.666	21.25
18.053	15.343	21.25
18.053	16.021	21.25
18.053	16.698	21.25
18.053	17.376	21.25
18.053	18.053	21.25
18.053	18.731	21.25
18.053	19.409	21.25
18.053	20.086	21.25
18.053	20.764	21.25
18.053	21.441	21.25
18.053	22.119	21.25
18.053	22.797	21.25
18.053	23.474	21.25
18.053	24.152	21.25
18.053	24.829	21.25
18.053	25.507	21.25
18.053	26.184	21.25
18.053	26.862	21.25
18.053	27.54	21.25
18.053	28.217	21.25
18.053	28.895	21.25
18.053	29.572	21.25
18.053	30.25	21.25
18.731	10.6	21.25
18.731	11.278	21.25
18.731	11.955	21.25
18.731	12.633	21.25
18.731	13.31	21.25
18.731	13.988	21.25
18.731	14.666	21.25
18.731	15.343	21.25
18.731	16.021	21.25
18.731	16.698	21.25
18.731	17.376	21.25
18.731	18.053	21.25
18.731	18.731	21.25
18.731	19.409	21.25
18.731	20.086	21.25
18.731	20.764	21.25
18.731	21.441	21.25
18.731	22.119	21.25
18.731	22.797	21.25
18.731	23.474	21.25
18.731	24.152	21.25
18.731	24.829	21.25
18.731	25.507	21.25
18.731	26.184	21.25
18.731	26.862	21.25
18.731	27.54	21.25
18.731	28.217	21.25
18.731	28.895	21.25
18.731	29.572	21.25
18.731	30.25	21.25
19.409	10.6	21.25
19.409	11.278	21.25
19.409	11.955	21.25
19.409	12.633	21.25
19.409	13.31	21.25
19.409	13.988	21.25
19.409	14.666	21.25
19.409	15.343	21.25
19.409	16.021	21.25
19.409	16.698	21.25
19.409	17.376	21.25
19.409	18.053	21.25
19.409	18.731	21.25
19.409	19.409	21.25
19.409	20.086	21.25
19.409	20.764	21.25
19.409	21.441	21.25
19.409	22.119	21.25
19.409	22.797	21.25
19.409	23.474	21.25
19.409	24.152	21.25
19.409	24.829	21.25
19.409	25.507	21.25
19.409	26.184	21.25
19.409	26.862	21.25
19.409	27.54	21.25
19.409	28.217	21.25
19.409	28.895	21.25
19.409	29.572	21.25
19.409	30.25	21.25
20.086	10.6	21.25
20.086	11.278	21.25
20.086	11.955	21.25
20.086	12.633	21.25
20.086	13.31	21.25
20.086	13.988	21.25
20.086	14.666	21.25
20.086	15.343	21.25
20.086	16.021	21.25
20.086	16.698	21.25
20.086	17.376	21.25
20.086	18.053	21.25
20.086	18.731	21.25
20.086	19.409	21.25
20.086	20.086	21.25
20.086	20.764	21.25
20.086	21.441	21.25
20.086	22.119	21.25
20.086	22.797	21.25
20.086	23.474	21.25
20.086	24.152	21.25
20.086	24.829	21.25
20.086	25.507	21.25
20.086	26.184	21.25
20.086	26.862	21.25
20.086	27.54	21.25
20.086	28.217	21.25
20.086	28.895	21.25
20.086	29.572	21.25
20.086	30.25	21.25
20.764	10.6	21.25
20.764	11.278	21.25
20.764	11.955	21.25
20.764	12.633	21.25
20.764	13.31	21.25
20.764	13.988	21.25
20.764	14.666	21.25
20.764	15.343	21.25
20.764	16.021	21.25
20.764	16.698	21.25
20.764	17.376	21.25
20.764	18.053	21.25
20.764	18.731	21.25
20.764	19.409	21.25
20.764	20.086	21.25
20.764	20.764	21.25
20.764	21.441	21.25
20.764	22.119	21.25
20.764	22.797	21.25
20.764	23.474	21.25
20.764	24.152	21.25
20.764	24.829	21.25
20.764	25.507	21.25
20.764	26.184	21.25
20.764	26.862	21.25
20.764	27.54	21.25
20.764	28.217	21.25
20.764	28.895	21.25
20.764	29.572	21.25
20.764	30.25	21.25
21.441	10.6	21.25
21.441	11.278	21.25
21.441	11.955	21.25
21.441	12.633	21.25
21.441	13.31	21.25
21.441	13.988	21.25
21.441	14.666	21.25
21.441	15.343	21.25
21.441	16.021	21.25
21.441	16.698	21.25
21.441	17.376	21.25
21.441	18.053	21.25
21.441	18.731	21.25
21.441	19.409	21.25
21.441	20.086	21.25
21.441	20.764	21.25
21.441	21.441	21.25
21.441	22.119	21.25
21.441	22.797	21.25
21.441	23.474	21.25
21.441	24.152	21.25
21.441	24.829	21.25
21.441	25.507	21.25
21.441	26.184	21.25
21.441	26.862	21.25
21.441	27.54	21.25
21.441	28.217	21.25
21.441	28.895	21.25
21.441	29.572	21.25
21.441	30.25	21.25
22.119	10.6	21.25
22.119	11.278	21.25
22.119	11.955	21.25
22.119	12.633	21.25
22.119	13.31	21.25
22.119	13.988	21.25
22.119	14.666	21.25
22.119	15.343	21.25
22.119	16.021	21.25
22.119	16.698	21.25
22.119	17.376	21.25
22.119	18.053	21.25
22.119	18.731	21.25
22.119	19.409	21.25
22.119	20.086	21.25
22.119	20.764	21.25
22.119	21.441	21.25
22.119	22.119	21.25
22.119	22.797	21.25
22.119	23.474	21.25
22.119	24.152	21.25
22.119	24.829	21.25
22.119	25.507	21.25
22.119	26.184	21.25
22.119	26.862	21.25
22.119	27.54	21.25
22.119	28.217	21.25
22.119	28.895	21.25
22.119	29.572	21.25
22.119	30.25	21.25
22.797	10.6	21.25
22.797	11.278	21.25
22.797	11.955	21.25
22.797	12.633	21.25
22.797	13.31	21.25
22.797	13.988	21.25
22.797	14.666	21.25
22.797	15.343	21.25
22.797	16.021	21.25
22.797	16.698	21.25
22.797	17.376	21.25
22.797	18.053	21.25
22.797	18.731	21.25
22.797	19.409	21.25
22.797	20.086	21.25
22.797	20.764	21.25
22.797	21.441	21.25
22.797	22.119	21.25
22.797	22.797	21.25
22.797	23.474	21.25
22.797	24.152	21.25
22.797	24.829	21.25
22.797	25.507	21.25
22.797	26.184	21.25
22.797	26.862	21.25
22.797	27.54	21.25
22.797	28.217	21.25
22.797	28.895	21.25
22.797	29.572	21.25
22.797	30.25	21.25
23.474	10.6	21.25
23.474	11.278	21.25
23.474	11.955	21.25
23.474	12.633	21.25
23.474	13.31	21.25
23.474	13.988	21.25
23.474	14.666	21.25
23.474	15.343	21.25
23.474	16.021	21.25
23.474	16.698	21.25
23.474	17.376	21.25
23.474	18.053	21.25
23.474	18.731	21.25
23.474	19.409	21.25
23.474	20.086	21.25
23.474	20.764	21.25
23.474	21.441	21.25
23.474	22.119	21.25
23.474	22.797	21.25
23.474	23.474	21.25
23.474	24.152	21.25
23.474	24.829	21.25
23.474	25.507	21.25
23.474	26.184	21.25
23.474	26.862	21.25
23.474	27.54	21.25
23.474	28.217	21.25
23.474	28.895	21.25
23.474	29.572	21.25
23.474	30.25	21.25
24.152	10.6	21.25
24.152	11.278	21.25
24.152	11.955	21.25
24.152	12.633	21.25
24.152	13.31	21.25
24.152	13.988	21.25
24.152	14.666	21.25
24.152	15.343	21.25
24.152	16.021	21.25
24.152	16.698	21.25
24.152	17.376	21.25
24.152	18.053	21.25
24.152	18.731	21.25
24.152	19.409	21.25
24.152	20.086	21.25
24.152	20.764	21.25
24.152	21.441	21.25
24.152	22.119	21.25
24.152	22.797	21.25
24.152	23.474	21.25
24.152	24.152	21.25
24.152	24.829	21.25
24.152	25.507	21.25
24.152	26.184	21.25
24.152	26.862	21.25
24.152	27.54	21.25
24.152	28.217	21.25
24.152	28.895	21.25
24.152	29.572	21.25
24.152	30.25	21.25
24.829	10.6	21.25
24.829	11.278	21.25
24.829	11.955	21.25
24.829	12.633	21.25
24.829	13.31	21.25
24.829	13.988	21.25
24.829	14.666	21.25
24.829	15.343	21.25
24.829	16.021	21.25
24.829	16.698	21.25
24.829	17.376	21.25
24.829	18.053	21.25
24.829	18.731	21.25
24.829	19.409	21.25
24.829	20.086	21.25
24.829	20.764	21.25
24.829	21.441	21.25
24.829	22.119	21.25
24.829	22.797	21.25
24.829	23.474	21.25
24.829	24.152	21.25
24.829	24.829	21.25
24.829	25.507	21.25
24.829	26.184	21.25
24.829	26.862	21.25
24.829	27.54	21.25
24.829	28.217	21.25
24.829	28.895	21.25
24.829	29.572	21.25
24.829	30.25	21.25
25.507	10.6	21.25
25.507	11.278	21.25
25.507	11.955	21.25
25.507	12.633	21.25
25.507	13.31	21.25
25.507	13.988	21.25
25.507	14.666	21.25
25.507	15.343	21.25
25.507	16.021	21.25
25.507	16.698	21.25
25.507	17.376	21.25
25.507	18.053	21.25
25.507	18.731	21.25
25.507	19.409	21.25
25.507	20.086	21.25
25.507	20.764	21.25
25.507	21.441	21.25
25.507	22.119	21.25
25.507	22.797	21.25
25.507	23.474	21.25
25.507	24.152	21.25
25.507	24.829	21.25
25.507	25.507	21.25
25.507	26.184	21.25
25.507	26.862	21.25
25.507	27.54	21.25
25.507	28.217	21.25
25.507	28.895	21.25
25.507	29.572	21.25
25.507	30.25	21.25
26.184	10.6	21.25
26.184	11.278	21.25
26.184	11.955	21.25
26.184	12.633	21.25
26.184	13.31	21.25
26.184	13.988	21.25
26.184	14.666	21.25
26.184	15.343	21.25
26.184	16.021	21.25
26.184	16.698	21.25
26.184	17.376	21.25
26.184	18.053	21.25
26.184	18.731	21.25
26.184	19.409	21.25
26.184	20.086	21.25
26.184	20.764	21.25
26.184	21.441	21.25
26.184	22.119	21.25
26.184	22.797	21.25
26.184	23.474	21.25
26.184	24.152	21.25
26.184	24.829	21.25
26.184	25.507	21.25
26.184	26.184	21.25
26.184	26.862	21.25
26.184	27.54	21.25
26.184	28.217	21.25
26.184	28.895	21.25
26.184	29.572	21.25
26.184	30.25	21.25
26.862	10.6	21.25
26.862	11.278	21.25
26.862	11.955	21.25
26.862	12.633	21.25
26.862	13.31	21.25
26.862	13.988	21.25
26.862	14.666	21.25
26.862	15.343	21.25
26.862	16.021	21.25
26.862	16.698	21.25
26.862	17.376	21.25
26.862	18.053	21.25
26.862	18.731	21.25
26.862	19.409	21.25
26.862	20.086	21.25
26.862	20.764	21.25
26.862	21.441	21.25
26.862	22.119	21.25
26.862	22.797	21.25
26.862	23.474	21.25
26.862	24.152	21.25
26.862	24.829	21.25
26.862	25.507	21.25
26.862	26.184	21.25
26.862	26.862	21.25
26.862	27.54	21.25
26.862	28.217	21.25
26.862	28.895	21.25
26.862	29.572	21.25
26.862	30.25	21.25
27.54	10.6	21.25
27.54	11.278	21.25
27.54	11.955	21.25
27.54	12.633	21.25
27.54	13.31	21.25
27.54	13.988	21.25
27.54	14.666	21.25
27.54	15.343	21.25
27.54	16.021	21.25
27.54	16.698	21.25
27.54	17.376	21.25
27.54	18.053	21.25
27.54	18.731	21.25
27.54	19.409	21.25
27.54	20.086	21.25
27.54	20.764	21.25
27.54	21.441	21.25
27.54	22.119	21.25
27.54	22.797	21.25
27.54	23.474	21.25
27.54	24.152	21.25
27.54	24.829	21.25
27.54	25.507	21.25
27.54	26.184	21.25
27.54	26.862	21.25
27.54	27.54	21.25
27.54	28.217	21.25
27.54	28.895	21.25
27.54	29.572	21.25
27.54	30.25	21.25
28.217	10.6	21.25
28.217	11.278	21.25
28.217	11.955	21.25
28.217	12.633	21.25
28.217	13.31	21.25
28.217	13.988	21.25
28.217	14.666	21.25
28.217	15.343	21.25
28.217	16.021	21.25
28.217	16.698	21.25
28.217	17.376	21.25
28.217	18.053	21.25
28.217	18.731	21.25
28.217	19.409	21.25
28.217	20.086	21.25
28.217	20.764	21.25
28.217	21.441	21.25
28.217	22.119	21.25
28.217	22.797	21.25
28.217	23.474	21.25
28.217	24.152	21.25
28.217	24.829	21.25
28.217	25.507	21.25
28.217	26.184	21.25
28.217	26.862	21.25
28.217	27.54	21.25
28.217	28.217	21.25
28.217	28.895	21.25
28.217	29.572	21.25
28.217	30.25	21.25
28.895	10.6	21.25
28.895	11.278	21.25
28.895	11.955	21.25
28.895	12.633	21.25
28.895	13.31	21.25
28.895	13.988	21.25
28.895	14.666	21.25
28.895	15.343	21.25
28.895	16.021	21.25
28.895	16.698	21.25
28.895	17.376	21.25
28.895	18.053	21.25
28.895	18.731	21.25
28.895	19.409	21.25
28.895	20.086	21.25
28.895	20.764	21.25
28.895	21.441	21.25
28.895	22.119	21.25
28.895	22.797	21.25
28.895	23.474	21.25
28.895	24.152	21.25
28.895	24.829	21.25
28.895	25.507	21.25
28.895	26.184	21.25
28.895	26.862	21.25
28.895	27.54	21.25
28.895	28.217	21.25
28.895	28.895	21.25
28.895	29.572	21.25
28.895	30.25	21.25
29.572	10.6	21.25
29.572	11.278	21.25
29.572	11.955	21.25
29.572	12.633	21.25
29.572	13.31	21.25
29.572	13.988	21.25
29.572	14.666	21.25
29.572	15.343	21.25
29.572	16.021	21.25
29.572	16.698	21.25
29.572	17.376	21.25
29.572	18.053	21.25
29.572	18.731	21.25
29.572	19.409	21.25
29.572	20.086	21.25
29.572	20.764	21.25
29.572	21.441	21.25
29.572	22.119	21.25
29.572	22.797	21.25
29.572	23.474	21.25
29.572	24.152	21.25
29.572	24.829	21.25
29.572	25.507	21.25
29.572	26.184	21.25
29.572	26.862	21.25
29.572	27.54	21.25
29.572	28.217	21.25
29.572	28.895	21.25
29.572	29.572	21.25
29.572	30.25	21.25
30.25	10.6	21.25
30.25	11.278	21.25
30.25	11.955	21.25
30.25	12.633	21.25
30.25	13.31	21.25
30.25	13.988	21.25
30.25	14.666	21.25
30.25	15.343	21.25
30.25	16.021	21.25
30.25	16.698	21.25
30.25	17.376	21.25
30.25	18.053	21.25
30.25	18.731	21.25
30.25	19.409	21.25
30.25	20.086	21.25
30.25	20.764	21.25
30.25	21.441	21.25
30.25	22.119	21.25
30.25	22.797	21.25
30.25	23.474	21.25
30.25	24.152	21.25
30.25	24.829	21.25
30.25	25.507	21.25
30.25	26.184	21.25
30.25	26.862	21.25
30.25	27.54	21.25
30.25	28.217	21.25
30.25	28.895	21.25
30.25	29.572	21.25
30.25	30.25	21.25
